{
    "armature": {
        "joints": ["Root", "Thigh_R", "Leg_R", "Knee_R", "Thigh_L", "Leg_L", "Knee_L", "Torso", "Chest", "Head", "Shoulder_R", "Arm_R", "Hand_R", "Tool_R", "Elbow_R", "Shoulder_L", "Arm_L", "Hand_L", "Tool_L", "Elbow_L", "IK-Thigh_R", "IK-Leg_R", "IK-Thigh_L"],
        "hierarchy": [
            {
                "name": "Root",
                "transform": [1.0, 0.0, 0.0, -5e-06, 0.0, 0.0, -1.0, 0.000946, 0.0, 1.0, 0.0, 0.763972, 0.0, 0.0, 0.0, 1.0],
                "children": [
                    {
                        "name": "Thigh_R",
                        "transform": [1.0, -0.0, -0.0, 0.124994, -0.0, -0.999984, 0.00567, -0.002831, -0.0, -0.00567, -0.999984, -1.2e-05, 0.0, 0.0, 0.0, 1.0],
                        "children": [
                            {
                                "name": "Leg_R",
                                "transform": [1.0, 0.0, 1e-06, -0.0, -0.0, 0.999936, 0.011335, 0.374726, -1e-06, -0.011335, 0.999936, 0.0, 0.0, 0.0, 0.0, 1.0],
                                "children": []
                            },
                            {
                                "name": "Knee_R",
                                "transform": [1.0, 0.0, -0.0, -0.0, -0.0, 0.00567, -0.999984, 0.374726, -0.0, 0.999984, 0.00567, 0.0, 0.0, 0.0, 0.0, 1.0],
                                "children": []
                            }
                        ]
                    },
                    {
                        "name": "Thigh_L",
                        "transform": [1.0, -0.0, -0.0, -0.125006, -0.0, -0.999984, 0.00567, -0.002831, -0.0, -0.00567, -0.999984, -1.2e-05, 0.0, 0.0, 0.0, 1.0],
                        "children": [
                            {
                                "name": "Leg_L",
                                "transform": [1.0, 0.0, 1e-06, -0.0, -0.0, 0.999936, 0.011335, 0.374726, -1e-06, -0.011335, 0.999936, -0.0, 0.0, 0.0, 0.0, 1.0],
                                "children": []
                            },
                            {
                                "name": "Knee_L",
                                "transform": [1.0, 0.0, -0.0, -0.0, -0.0, 0.00567, -0.999984, 0.374726, -0.0, 0.999984, 0.00567, -0.0, 0.0, 0.0, 0.0, 1.0],
                                "children": []
                            }
                        ]
                    },
                    {
                        "name": "Torso",
                        "transform": [1.0, 0.0, 0.0, 0.0, 0.0, 1.0, 0.0, 0.05, 0.0, 0.0, 1.0, 0.0, 0.0, 0.0, 0.0, 1.0],
                        "children": [
                            {
                                "name": "Chest",
                                "transform": [1.0, 0.0, 0.0, 0.0, 0.0, 1.0, 0.0, 0.3, 0.0, 0.0, 1.0, 0.0, 0.0, 0.0, 0.0, 1.0],
                                "children": [
                                    {
                                        "name": "Head",
                                        "transform": [1.0, 0.0, 0.0, 0.0, 0.0, 1.0, 0.0, 0.4, 0.0, 0.0, 1.0, 0.0, 0.0, 0.0, 0.0, 1.0],
                                        "children": []
                                    },
                                    {
                                        "name": "Shoulder_R",
                                        "transform": [0.0, 0.952114, 0.305743, 0.0, 0.0, -0.305743, 0.952114, 0.4, 1.0, 0.0, -0.0, 0.0, 0.0, 0.0, 0.0, 1.0],
                                        "children": [
                                            {
                                                "name": "Arm_R",
                                                "transform": [0.0, 0.003946, -0.999992, -0.0, 0.952114, 0.305741, 0.001207, 0.39386, 0.305743, -0.952107, -0.003757, 0.0, 0.0, 0.0, 0.0, 1.0],
                                                "children": [
                                                    {
                                                        "name": "Hand_R",
                                                        "transform": [1.0, -0.0, 0.0, 0.0, 0.0, 0.999963, -0.008633, 0.300003, -0.0, 0.008633, 0.999963, 0.0, 0.0, 0.0, 0.0, 1.0],
                                                        "children": [
                                                            {
                                                                "name": "Tool_R",
                                                                "transform": [1.0, -0.0, 0.0, 0.0, 0.0, -0.999559, -0.029689, 0.271711, 0.0, 0.029689, -0.999559, -0.028915, 0.0, 0.0, 0.0, 1.0],
                                                                "children": []
                                                            }
                                                        ]
                                                    },
                                                    {
                                                        "name": "Elbow_R",
                                                        "transform": [-1.0, 0.0, -0.0, 0.0, 0.0, 0.003946, -0.999992, 0.300008, -0.0, -0.999992, -0.003946, -0.001252, 0.0, 0.0, 0.0, 1.0],
                                                        "children": []
                                                    }
                                                ]
                                            }
                                        ]
                                    },
                                    {
                                        "name": "Shoulder_L",
                                        "transform": [-0.0, -0.952114, -0.305743, 0.0, 0.0, -0.305743, 0.952114, 0.4, -1.0, 0.0, 0.0, 0.0, 0.0, 0.0, 0.0, 1.0],
                                        "children": [
                                            {
                                                "name": "Arm_L",
                                                "transform": [-0.0, -0.003946, 0.999992, -0.0, -0.952114, 0.305741, 0.001206, 0.39386, -0.305743, -0.952106, -0.003757, 0.0, 0.0, 0.0, 0.0, 1.0],
                                                "children": [
                                                    {
                                                        "name": "Hand_L",
                                                        "transform": [1.0, -0.0, 0.0, -0.0, 0.0, 0.999963, -0.008633, 0.300003, -0.0, 0.008633, 0.999963, -0.0, 0.0, 0.0, 0.0, 1.0],
                                                        "children": [
                                                            {
                                                                "name": "Tool_L",
                                                                "transform": [1.0, -0.0, 0.0, -0.0, 0.0, -0.999559, -0.029689, 0.271711, 0.0, 0.029689, -0.999559, -0.028915, 0.0, 0.0, 0.0, 1.0],
                                                                "children": []
                                                            }
                                                        ]
                                                    },
                                                    {
                                                        "name": "Elbow_L",
                                                        "transform": [-1.0, 0.0, -0.0, -0.0, 0.0, 0.003946, -0.999992, 0.300008, -0.0, -0.999992, -0.003946, -0.001252, 0.0, 0.0, 0.0, 1.0],
                                                        "children": []
                                                    }
                                                ]
                                            }
                                        ]
                                    }
                                ]
                            }
                        ]
                    },
                    {
                        "name": "IK-Thigh_R",
                        "transform": [1.0, -0.0, -0.0, 0.124994, -0.0, -0.999984, 0.00567, -0.002831, -0.0, -0.00567, -0.999984, -1.2e-05, 0.0, 0.0, 0.0, 1.0],
                        "children": [
                            {
                                "name": "IK-Leg_R",
                                "transform": [1.0, 0.0, 1e-06, -0.0, -0.0, 0.999936, 0.011335, 0.374726, -1e-06, -0.011335, 0.999936, 0.0, 0.0, 0.0, 0.0, 1.0],
                                "children": []
                            }
                        ]
                    },
                    {
                        "name": "IK-Thigh_L",
                        "transform": [1.0, -0.0, -0.0, -0.125006, -0.0, -0.999984, 0.00567, -0.002831, -0.0, -0.00567, -0.999984, -1.2e-05, 0.0, 0.0, 0.0, 1.0],
                        "children": []
                    }
                ]
            },
            {},
            {},
            {},
            {},
            {},
            {},
            {},
            {}
        ]
    },
    "animation": [
        {
            "name": "Root",
            "time": [0.0, 0.0333, 0.0833, 0.1167, 0.2, 0.2667, 0.3167, 0.35, 0.4167],
            "transform": [
                [1.0, 0.0, 0.0, -5e-06, 0.0, 0.0, -1.0, 0.000946, 0.0, 1.0, 0.0, 0.763972, 0.0, 0.0, 0.0, 1.0],
                [1.0, 0.0, 0.0, -5e-06, 0.0, 0.0, -1.0, 0.000946, 0.0, 1.0, 0.0, 0.763972, 0.0, 0.0, 0.0, 1.0],
                [1.0, 0.0, 0.0, -5e-06, 0.0, 0.0, -1.0, 0.000946, 0.0, 1.0, 0.0, 0.763972, 0.0, 0.0, 0.0, 1.0],
                [1.0, 0.0, 0.0, -5e-06, 0.0, 0.0, -1.0, 0.000946, 0.0, 1.0, 0.0, 0.763972, 0.0, 0.0, 0.0, 1.0],
                [1.0, 0.0, 0.0, -5e-06, 0.0, 0.0, -1.0, 0.000946, 0.0, 1.0, 0.0, 0.763972, 0.0, 0.0, 0.0, 1.0],
                [1.0, 0.0, 0.0, -5e-06, 0.0, 0.0, -1.0, 0.000946, 0.0, 1.0, 0.0, 0.763972, 0.0, 0.0, 0.0, 1.0],
                [1.0, 0.0, 0.0, -5e-06, 0.0, 0.0, -1.0, 0.000946, 0.0, 1.0, 0.0, 0.763972, 0.0, 0.0, 0.0, 1.0],
                [1.0, 0.0, 0.0, -5e-06, 0.0, 0.0, -1.0, 0.000946, 0.0, 1.0, 0.0, 0.763972, 0.0, 0.0, 0.0, 1.0],
                [1.0, 0.0, 0.0, -5e-06, 0.0, 0.0, -1.0, 0.000946, 0.0, 1.0, 0.0, 0.763972, 0.0, 0.0, 0.0, 1.0]
            ]
        },
        {
            "name": "Thigh_R",
            "time": [0.0, 0.0333, 0.0833, 0.1167, 0.2, 0.2667, 0.3167, 0.35, 0.4167],
            "transform": [
                [1.0, -0.0, -0.0, 0.124994, -0.0, -0.999983, 0.006013, -0.002831, -0.0, -0.006013, -0.999982, -1.2e-05, 0.0, 0.0, 0.0, 1.0],
                [1.0, -0.0, -0.0, 0.124994, -0.0, -0.999983, 0.006013, -0.002831, -0.0, -0.006013, -0.999982, -1.2e-05, 0.0, 0.0, 0.0, 1.0],
                [1.0, -0.0, -0.0, 0.124994, -0.0, -0.999983, 0.00605, -0.002831, -0.0, -0.00605, -0.999982, -1.2e-05, 0.0, 0.0, 0.0, 1.0],
                [1.0, -0.0, -0.0, 0.124994, -0.0, -0.999983, 0.006095, -0.002831, -0.0, -0.006095, -0.999981, -1.2e-05, 0.0, 0.0, 0.0, 1.0],
                [1.0, -0.0, -0.0, 0.124994, -0.0, -0.999983, 0.006073, -0.002831, -0.0, -0.006073, -0.999982, -1.2e-05, 0.0, 0.0, 0.0, 1.0],
                [1.0, -0.0, -0.0, 0.124994, -0.0, -0.999983, 0.006099, -0.002831, -0.0, -0.006099, -0.999981, -1.2e-05, 0.0, 0.0, 0.0, 1.0],
                [1.0, -0.0, -0.0, 0.124994, -0.0, -0.999983, 0.00601, -0.002831, -0.0, -0.00601, -0.999982, -1.2e-05, 0.0, 0.0, 0.0, 1.0],
                [1.0, -0.0, -0.0, 0.124994, -0.0, -0.999983, 0.006013, -0.002831, -0.0, -0.006013, -0.999982, -1.2e-05, 0.0, 0.0, 0.0, 1.0],
                [1.0, -0.0, -0.0, 0.124994, -0.0, -0.999983, 0.006013, -0.002831, -0.0, -0.006013, -0.999982, -1.2e-05, 0.0, 0.0, 0.0, 1.0]
            ]
        },
        {
            "name": "Leg_R",
            "time": [0.0, 0.0333, 0.0833, 0.1167, 0.2, 0.2667, 0.3167, 0.35, 0.4167],
            "transform": [
                [1.0, 0.0, 1e-06, -0.0, -0.0, 0.999928, 0.012022, 0.374726, -1e-06, -0.012022, 0.999928, -0.0, 0.0, 0.0, 0.0, 1.0],
                [1.0, 0.0, 1e-06, -0.0, -0.0, 0.999928, 0.012022, 0.374726, -1e-06, -0.012022, 0.999928, -0.0, 0.0, 0.0, 0.0, 1.0],
                [1.0, 0.0, 1e-06, 0.0, -0.0, 0.999927, 0.012096, 0.374726, -1e-06, -0.012096, 0.999927, -0.0, 0.0, 0.0, 0.0, 1.0],
                [1.0, 0.0, 1e-06, 0.0, -0.0, 0.999926, 0.012185, 0.374726, -1e-06, -0.012185, 0.999926, -0.0, 0.0, 0.0, 0.0, 1.0],
                [1.0, 0.0, 1e-06, -0.0, -0.0, 0.999926, 0.012142, 0.374726, -1e-06, -0.012142, 0.999926, -0.0, 0.0, 0.0, 0.0, 1.0],
                [1.0, 0.0, 1e-06, 0.0, -0.0, 0.999926, 0.012193, 0.374726, -1e-06, -0.012193, 0.999925, -0.0, 0.0, 0.0, 0.0, 1.0],
                [1.0, 0.0, 1e-06, 0.0, -0.0, 0.999928, 0.012015, 0.374726, -1e-06, -0.012015, 0.999927, -0.0, 0.0, 0.0, 0.0, 1.0],
                [1.0, 0.0, 1e-06, -0.0, -0.0, 0.999928, 0.012022, 0.374726, -1e-06, -0.012022, 0.999928, -0.0, 0.0, 0.0, 0.0, 1.0],
                [1.0, 0.0, 1e-06, -0.0, -0.0, 0.999928, 0.012022, 0.374726, -1e-06, -0.012022, 0.999928, -0.0, 0.0, 0.0, 0.0, 1.0]
            ]
        },
        {
            "name": "Knee_R",
            "time": [0.0, 0.4167],
            "transform": [
                [1.0, 0.0, -0.0, -0.0, -0.0, 0.00567, -0.999984, 0.374726, -0.0, 0.999984, 0.00567, 0.0, 0.0, 0.0, 0.0, 1.0],
                [1.0, 0.0, -0.0, -0.0, -0.0, 0.00567, -0.999984, 0.374726, -0.0, 0.999984, 0.00567, 0.0, 0.0, 0.0, 0.0, 1.0]
            ]
        },
        {
            "name": "Thigh_L",
            "time": [0.0, 0.0333, 0.0833, 0.1167, 0.2, 0.2667, 0.3167, 0.35, 0.4167],
            "transform": [
                [1.0, -0.0, -0.0, -0.125006, -0.0, -0.999984, 0.005991, -0.002831, -0.0, -0.005991, -0.999982, -1.2e-05, 0.0, 0.0, 0.0, 1.0],
                [1.0, -0.0, -0.0, -0.125006, -0.0, -0.999984, 0.005986, -0.002831, -0.0, -0.005986, -0.999982, -1.2e-05, 0.0, 0.0, 0.0, 1.0],
                [1.0, -0.0, -0.0, -0.125006, -0.0, -0.999984, 0.005991, -0.002831, -0.0, -0.005991, -0.999982, -1.2e-05, 0.0, 0.0, 0.0, 1.0],
                [1.0, -0.0, -0.0, -0.125006, -0.0, -0.999984, 0.006013, -0.002831, -0.0, -0.006013, -0.999982, -1.2e-05, 0.0, 0.0, 0.0, 1.0],
                [1.0, -0.0, -0.0, -0.125006, -0.0, -0.999984, 0.006039, -0.002831, -0.0, -0.006039, -0.999982, -1.2e-05, 0.0, 0.0, 0.0, 1.0],
                [1.0, -0.0, -0.0, -0.125006, -0.0, -0.999984, 0.00599, -0.002831, -0.0, -0.00599, -0.999982, -1.2e-05, 0.0, 0.0, 0.0, 1.0],
                [1.0, -0.0, -0.0, -0.125006, -0.0, -0.999984, 0.006013, -0.002831, -0.0, -0.006013, -0.999982, -1.2e-05, 0.0, 0.0, 0.0, 1.0],
                [1.0, -0.0, -0.0, -0.125006, -0.0, -0.999984, 0.00599, -0.002831, -0.0, -0.00599, -0.999982, -1.2e-05, 0.0, 0.0, 0.0, 1.0],
                [1.0, -0.0, -0.0, -0.125006, -0.0, -0.999984, 0.005991, -0.002831, -0.0, -0.005991, -0.999982, -1.2e-05, 0.0, 0.0, 0.0, 1.0]
            ]
        },
        {
            "name": "Leg_L",
            "time": [0.0, 0.0333, 0.0833, 0.1167, 0.2, 0.2667, 0.3167, 0.35, 0.4167],
            "transform": [
                [1.0, 0.0, 1e-06, 0.0, -0.0, 0.999928, 0.011977, 0.374726, -1e-06, -0.011977, 0.999928, -0.0, 0.0, 0.0, 0.0, 1.0],
                [1.0, 0.0, 1e-06, -0.0, -0.0, 0.999928, 0.011968, 0.374726, -1e-06, -0.011968, 0.999928, 0.0, 0.0, 0.0, 0.0, 1.0],
                [1.0, 0.0, 1e-06, 0.0, -0.0, 0.999928, 0.011977, 0.374726, -1e-06, -0.011977, 0.999928, -0.0, 0.0, 0.0, 0.0, 1.0],
                [1.0, 0.0, 1e-06, -0.0, -0.0, 0.999928, 0.012021, 0.374726, -1e-06, -0.012021, 0.999928, 0.0, 0.0, 0.0, 0.0, 1.0],
                [1.0, 0.0, 1e-06, 0.0, -0.0, 0.999927, 0.012073, 0.374726, -1e-06, -0.012073, 0.999927, 0.0, 0.0, 0.0, 0.0, 1.0],
                [1.0, 0.0, 1e-06, -0.0, -0.0, 0.999928, 0.011975, 0.374726, -1e-06, -0.011975, 0.999928, -0.0, 0.0, 0.0, 0.0, 1.0],
                [1.0, 0.0, 1e-06, -0.0, -0.0, 0.999928, 0.012021, 0.374726, -1e-06, -0.012021, 0.999928, 0.0, 0.0, 0.0, 0.0, 1.0],
                [1.0, 0.0, 1e-06, -0.0, -0.0, 0.999928, 0.011975, 0.374726, -1e-06, -0.011975, 0.999928, 0.0, 0.0, 0.0, 0.0, 1.0],
                [1.0, 0.0, 1e-06, 0.0, -0.0, 0.999928, 0.011977, 0.374726, -1e-06, -0.011977, 0.999928, -0.0, 0.0, 0.0, 0.0, 1.0]
            ]
        },
        {
            "name": "Knee_L",
            "time": [0.0, 0.4167],
            "transform": [
                [1.0, 0.0, -0.0, 0.0, -0.0, 0.00567, -0.999984, 0.374726, -0.0, 0.999984, 0.00567, -0.0, 0.0, 0.0, 0.0, 1.0],
                [1.0, 0.0, -0.0, 0.0, -0.0, 0.00567, -0.999984, 0.374726, -0.0, 0.999984, 0.00567, -0.0, 0.0, 0.0, 0.0, 1.0]
            ]
        },
        {
            "name": "Torso",
            "time": [0.0, 0.0333, 0.0833, 0.1167, 0.2, 0.2667, 0.3167, 0.35, 0.4167],
            "transform": [
                [1.0, 0.0, 0.0, 0.0, 0.0, 1.0, 0.0, 0.05, 0.0, 0.0, 1.0, 0.0, 0.0, 0.0, 0.0, 1.0],
                [1.0, 0.0, 0.0, 0.0, 0.0, 1.0, 0.0, 0.05, 0.0, 0.0, 1.0, 0.0, 0.0, 0.0, 0.0, 1.0],
                [1.0, 0.0, 0.0, 0.0, 0.0, 1.0, 0.0, 0.05, 0.0, 0.0, 1.0, 0.0, 0.0, 0.0, 0.0, 1.0],
                [1.0, 0.0, 0.0, 0.0, 0.0, 1.0, 0.0, 0.05, 0.0, 0.0, 1.0, 0.0, 0.0, 0.0, 0.0, 1.0],
                [1.0, 0.0, 0.0, 0.0, 0.0, 1.0, 0.0, 0.05, 0.0, 0.0, 1.0, 0.0, 0.0, 0.0, 0.0, 1.0],
                [1.0, 0.0, 0.0, 0.0, 0.0, 1.0, 0.0, 0.05, 0.0, 0.0, 1.0, 0.0, 0.0, 0.0, 0.0, 1.0],
                [1.0, 0.0, 0.0, 0.0, 0.0, 1.0, 0.0, 0.05, 0.0, 0.0, 1.0, 0.0, 0.0, 0.0, 0.0, 1.0],
                [1.0, 0.0, 0.0, 0.0, 0.0, 1.0, 0.0, 0.05, 0.0, 0.0, 1.0, 0.0, 0.0, 0.0, 0.0, 1.0],
                [1.0, 0.0, 0.0, 0.0, 0.0, 1.0, 0.0, 0.05, 0.0, 0.0, 1.0, 0.0, 0.0, 0.0, 0.0, 1.0]
            ]
        },
        {
            "name": "Chest",
            "time": [0.0, 0.0333, 0.0833, 0.1167, 0.2, 0.2667, 0.3167, 0.35, 0.4167],
            "transform": [
                [0.927992, 0.0, 0.3726, 0.0, 0.0, 1.000001, 0.0, 0.3, -0.3726, 0.0, 0.927992, 0.0, 0.0, 0.0, 0.0, 1.0],
                [0.986398, 0.0, 0.164373, 0.0, 0.0, 1.000001, 0.0, 0.3, -0.164373, 0.0, 0.986398, 0.0, 0.0, 0.0, 0.0, 1.0],
                [0.969833, 0.0, -0.243773, 0.0, 0.0, 1.0, 0.0, 0.3, 0.243773, 0.0, 0.969833, 0.0, 0.0, 0.0, 0.0, 1.0],
                [0.794864, 0.0, -0.606788, 0.0, 0.0, 1.000001, 0.0, 0.3, 0.606788, 0.0, 0.794864, 0.0, 0.0, 0.0, 0.0, 1.0],
                [0.938497, 0.0, -0.345288, 0.0, 0.0, 1.000001, 0.0, 0.3, 0.345288, 0.0, 0.938497, 0.0, 0.0, 0.0, 0.0, 1.0],
                [0.960907, 0.0, -0.27687, 0.0, 0.0, 1.000001, 0.0, 0.3, 0.27687, 0.0, 0.960907, 0.0, 0.0, 0.0, 0.0, 1.0],
                [0.997561, 0.0, -0.0698, 0.0, 0.0, 1.000001, 0.0, 0.3, 0.0698, 0.0, 0.997561, 0.0, 0.0, 0.0, 0.0, 1.0],
                [1.0, 0.0, 0.0, 0.0, 0.0, 1.000001, 0.0, 0.3, 0.0, 0.0, 1.0, 0.0, 0.0, 0.0, 0.0, 1.0],
                [1.0, 0.0, 0.0, 0.0, 0.0, 1.000001, 0.0, 0.3, 0.0, 0.0, 1.0, 0.0, 0.0, 0.0, 0.0, 1.0]
            ]
        },
        {
            "name": "Head",
            "time": [0.0, 0.0333, 0.0833, 0.1167, 0.2, 0.2667, 0.3167, 0.35, 0.4167],
            "transform": [
                [0.929695, 0.0, -0.368329, 0.0, 0.0, 1.0, 0.0, 0.4, 0.368329, 0.0, 0.929695, -0.0, 0.0, 0.0, 0.0, 1.0],
                [0.986691, 0.0, -0.162604, 0.0, 0.0, 1.0, 0.0, 0.4, 0.162604, 0.0, 0.986691, 0.0, 0.0, 0.0, 0.0, 1.0],
                [0.971023, 0.0, 0.238986, -0.0, 0.0, 1.000001, 0.0, 0.4, -0.238986, 0.0, 0.971023, 0.0, 0.0, 0.0, 0.0, 1.0],
                [0.796691, 0.0, 0.604387, 0.0, 0.0, 1.0, 0.0, 0.4, -0.604387, 0.0, 0.796691, 0.0, 0.0, 0.0, 0.0, 1.0],
                [0.954234, 0.0, 0.29906, 0.0, 0.0, 1.0, 0.0, 0.4, -0.29906, 0.0, 0.954234, 0.0, 0.0, 0.0, 0.0, 1.0],
                [0.977581, 0.0, 0.210558, -0.0, 0.0, 1.0, 0.0, 0.4, -0.210558, 0.0, 0.977581, -0.0, 0.0, 0.0, 0.0, 1.0],
                [0.993483, 0.0, 0.113974, 0.0, 0.0, 1.0, 0.0, 0.4, -0.113974, 0.0, 0.993483, 0.0, 0.0, 0.0, 0.0, 1.0],
                [0.999342, 0.0, 0.036281, 0.0, 0.0, 1.0, 0.0, 0.4, -0.036281, 0.0, 0.999342, 0.0, 0.0, 0.0, 0.0, 1.0],
                [0.99999, 0.0, 0.004487, 0.0, 0.0, 1.0, 0.0, 0.4, -0.004487, 0.0, 0.99999, 0.0, 0.0, 0.0, 0.0, 1.0]
            ]
        },
        {
            "name": "Shoulder_R",
            "time": [0.0, 0.0333, 0.0833, 0.1167, 0.2, 0.2667, 0.3167, 0.35, 0.4167],
            "transform": [
                [0.0, 0.952114, 0.305743, 0.0, 0.0, -0.305743, 0.952114, 0.4, 0.999999, 0.0, -0.0, 0.0, 0.0, 0.0, 0.0, 1.0],
                [0.0, 0.952114, 0.305743, 0.0, 0.0, -0.305743, 0.952114, 0.4, 0.999999, 0.0, -0.0, 0.0, 0.0, 0.0, 0.0, 1.0],
                [0.0, 0.952114, 0.305743, 0.0, 0.0, -0.305743, 0.952114, 0.400001, 0.999999, -0.0, -0.0, 0.0, 0.0, 0.0, 0.0, 1.0],
                [0.0, 0.952113, 0.305743, 0.0, 0.0, -0.305743, 0.952114, 0.4, 0.999999, 0.0, 0.0, 0.0, 0.0, 0.0, 0.0, 1.0],
                [0.0, 0.952113, 0.305743, 0.0, 0.0, -0.305743, 0.952114, 0.400001, 0.999999, -0.0, -0.0, 0.0, 0.0, 0.0, 0.0, 1.0],
                [0.0, 0.952113, 0.305743, 0.0, 0.0, -0.305743, 0.952114, 0.400001, 0.999999, 0.0, -0.0, 0.0, 0.0, 0.0, 0.0, 1.0],
                [0.0, 0.952114, 0.305743, 0.0, 0.0, -0.305743, 0.952114, 0.4, 0.999999, 0.0, -0.0, 0.0, 0.0, 0.0, 0.0, 1.0],
                [0.0, 0.952114, 0.305743, 0.0, 0.0, -0.305743, 0.952114, 0.4, 0.999999, 0.0, -0.0, 0.0, 0.0, 0.0, 0.0, 1.0],
                [0.0, 0.952114, 0.305743, 0.0, 0.0, -0.305743, 0.952114, 0.4, 0.999999, 0.0, -0.0, 0.0, 0.0, 0.0, 0.0, 1.0]
            ]
        },
        {
            "name": "Arm_R",
            "time": [0.0, 0.0333, 0.0833, 0.1167, 0.2, 0.2667, 0.3167, 0.35, 0.4167],
            "transform": [
                [0.197627, 0.139486, -0.970303, -0.0, 0.872873, 0.42544, 0.238942, 0.39386, 0.446135, -0.894172, -0.037676, 0.0, 0.0, 0.0, 0.0, 1.0],
                [0.029663, 0.043624, -0.998608, -0.0, 0.903455, 0.426265, 0.045458, 0.393861, 0.427655, -0.903546, -0.026768, -0.0, 0.0, 0.0, 0.0, 1.0],
                [-0.141915, 0.047066, -0.988759, 0.0, 0.896019, 0.430654, -0.108105, 0.39386, 0.420725, -0.901289, -0.103289, -0.0, 0.0, 0.0, 0.0, 1.0],
                [-0.059111, -0.037705, -0.997539, 0.0, 0.854089, 0.515383, -0.070091, 0.393861, 0.516758, -0.85613, 0.001738, 0.0, 0.0, 0.0, 0.0, 1.0],
                [-0.134887, 0.060304, -0.989025, 0.0, 0.88632, 0.453593, -0.093222, 0.39386, 0.442994, -0.889166, -0.114633, 0.0, 0.0, 0.0, 0.0, 1.0],
                [-0.180812, 0.011615, -0.983449, 0.0, 0.887994, 0.431801, -0.158162, 0.39386, 0.422818, -0.901894, -0.088389, 0.0, 0.0, 0.0, 0.0, 1.0],
                [-0.062043, 0.102439, -0.992803, 0.0, 0.909573, 0.415309, -0.013989, 0.39386, 0.410887, -0.903894, -0.118943, 0.0, 0.0, 0.0, 0.0, 1.0],
                [0.008166, 0.159039, -0.987239, -0.0, 0.911903, 0.403931, 0.072615, 0.39386, 0.410326, -0.900858, -0.14173, -0.0, 0.0, 0.0, 0.0, 1.0],
                [0.008166, 0.159039, -0.987239, -0.0, 0.911903, 0.403931, 0.072615, 0.39386, 0.410326, -0.900858, -0.14173, -0.0, 0.0, 0.0, 0.0, 1.0]
            ]
        },
        {
            "name": "Hand_R",
            "time": [0.0, 0.0333, 0.0833, 0.1167, 0.2, 0.2667, 0.3167, 0.35, 0.4167],
            "transform": [
                [1.0, -1e-06, 0.0, 0.0, 1e-06, 0.980969, -0.194168, 0.300003, 0.0, 0.194168, 0.980969, -0.0, 0.0, 0.0, 0.0, 1.0],
                [1.0, -1e-06, 0.0, 0.0, 1e-06, 0.973976, -0.226651, 0.300003, 0.0, 0.226652, 0.973976, 0.0, 0.0, 0.0, 0.0, 1.0],
                [1.0, -1e-06, 0.0, -0.0, 1e-06, 0.968203, -0.250165, 0.300003, 0.0, 0.250165, 0.968203, 0.0, 0.0, 0.0, 0.0, 1.0],
                [1.0, -1e-06, 0.0, 0.0, 1e-06, 0.98741, -0.158182, 0.300002, 0.0, 0.158182, 0.98741, 0.0, 0.0, 0.0, 0.0, 1.0],
                [1.0, -1e-06, 0.0, 0.0, 1e-06, 0.97677, -0.21429, 0.300003, 0.0, 0.21429, 0.976771, -0.0, 0.0, 0.0, 0.0, 1.0],
                [1.0, -1e-06, 0.0, -0.0, 1e-06, 0.97465, -0.223736, 0.300003, 0.0, 0.223737, 0.97465, 0.0, 0.0, 0.0, 0.0, 1.0],
                [1.0, -1e-06, 0.0, -0.0, 1e-06, 0.957608, -0.288077, 0.300002, 0.0, 0.288077, 0.957608, 0.0, 0.0, 0.0, 0.0, 1.0],
                [1.0, -1e-06, 0.0, -0.0, 1e-06, 0.955975, -0.29345, 0.300002, 0.0, 0.293451, 0.955974, 0.0, 0.0, 0.0, 0.0, 1.0],
                [1.0, -1e-06, 0.0, -0.0, 1e-06, 0.955975, -0.29345, 0.300002, 0.0, 0.293451, 0.955974, 0.0, 0.0, 0.0, 0.0, 1.0]
            ]
        },
        {
            "name": "Tool_R",
            "time": [0.0, 0.0333, 0.0833, 0.1167, 0.2, 0.2667, 0.3167, 0.35, 0.4167],
            "transform": [
                [1.000001, 0.0, 0.0, 0.0, 0.0, -0.99956, -0.029689, 0.271711, 0.0, 0.029689, -0.99956, -0.028915, 0.0, 0.0, 0.0, 1.0],
                [1.000001, -0.0, 0.0, 0.0, -0.0, -0.99956, -0.029689, 0.271711, 0.0, 0.029689, -0.999561, -0.028915, 0.0, 0.0, 0.0, 1.0],
                [1.000001, 0.0, 0.0, 0.0, -0.0, -0.999561, -0.029689, 0.271711, 0.0, 0.029689, -0.999561, -0.028915, 0.0, 0.0, 0.0, 1.0],
                [1.000001, -0.0, 0.0, 0.0, -0.0, -0.99956, -0.029689, 0.271711, 0.0, 0.029689, -0.99956, -0.028915, 0.0, 0.0, 0.0, 1.0],
                [1.000001, 0.0, 0.0, 0.0, -0.0, -0.99956, -0.029689, 0.271711, 0.0, 0.029689, -0.99956, -0.028915, 0.0, 0.0, 0.0, 1.0],
                [1.000001, -0.0, 0.0, 0.0, -0.0, -0.99956, -0.029689, 0.271711, 0.0, 0.029689, -0.99956, -0.028915, 0.0, 0.0, 0.0, 1.0],
                [1.000001, -0.0, 0.0, 0.0, -0.0, -0.99956, -0.029689, 0.271711, 0.0, 0.029689, -0.999561, -0.028915, 0.0, 0.0, 0.0, 1.0],
                [1.0, -0.0, 0.0, 0.0, -0.0, -0.99956, -0.029689, 0.271711, 0.0, 0.029689, -0.99956, -0.028915, 0.0, 0.0, 0.0, 1.0],
                [1.0, -0.0, 0.0, 0.0, -0.0, -0.99956, -0.029689, 0.271711, 0.0, 0.029689, -0.99956, -0.028915, 0.0, 0.0, 0.0, 1.0]
            ]
        },
        {
            "name": "Elbow_R",
            "time": [0.0, 0.4167],
            "transform": [
                [-1.0, 0.0, -0.0, 0.0, 0.0, 0.003946, -0.999992, 0.317511, -0.0, -0.999992, -0.003946, -0.001183, 0.0, 0.0, 0.0, 1.0],
                [-1.0, 0.0, -0.0, 0.0, 0.0, 0.003946, -0.999992, 0.327109, -0.0, -0.999992, -0.003946, -0.001145, 0.0, 0.0, 0.0, 1.0]
            ]
        },
        {
            "name": "Shoulder_L",
            "time": [0.0, 0.0333, 0.0833, 0.1167, 0.2, 0.2667, 0.3167, 0.35, 0.4167],
            "transform": [
                [0.0, -0.952114, -0.305743, 0.0, 0.0, -0.305743, 0.952114, 0.4, -1.0, -0.0, 0.0, 0.0, 0.0, 0.0, 0.0, 1.0],
                [-0.0, -0.952114, -0.305743, 0.0, 0.0, -0.305743, 0.952114, 0.4, -1.0, 0.0, 0.0, -0.001802, 0.0, 0.0, 0.0, 1.0],
                [-0.0, -0.952114, -0.305743, 0.0, 0.0, -0.305743, 0.952114, 0.4, -1.0, 0.0, 0.0, -0.048648, 0.0, 0.0, 0.0, 1.0],
                [0.0, -0.952114, -0.305743, 0.044761, 0.0, -0.305743, 0.952114, 0.4, -1.0, 0.0, 0.0, 0.001018, 0.0, 0.0, 0.0, 1.0],
                [-0.0, -0.952114, -0.305743, 0.0, 0.0, -0.305743, 0.952114, 0.4, -1.0, 0.0, 0.0, -0.138602, 0.0, 0.0, 0.0, 1.0],
                [-0.0, -0.952114, -0.305743, 0.0, 0.0, -0.305743, 0.952114, 0.4, -1.0, 0.0, 0.0, -0.111494, 0.0, 0.0, 0.0, 1.0],
                [-0.0, -0.952114, -0.305743, 0.0, 0.0, -0.305743, 0.952114, 0.4, -1.0, 0.0, 0.0, -0.043761, 0.0, 0.0, 0.0, 1.0],
                [-0.0, -0.952114, -0.305743, 0.0, 0.0, -0.305743, 0.952114, 0.4, -1.0, -0.0, 0.0, -0.0, 0.0, 0.0, 0.0, 1.0],
                [-0.0, -0.952114, -0.305743, 0.0, 0.0, -0.305743, 0.952114, 0.4, -1.0, -0.0, 0.0, -0.0, 0.0, 0.0, 0.0, 1.0]
            ]
        },
        {
            "name": "Arm_L",
            "time": [0.0, 0.0333, 0.0833, 0.1167, 0.2, 0.2667, 0.3167, 0.35, 0.4167],
            "transform": [
                [0.13219, 0.865096, -0.483876, -0.0, -0.903949, -0.095079, -0.416936, 0.39386, -0.406697, 0.492514, 0.769432, -0.0, 0.0, 0.0, 0.0, 1.0],
                [0.155856, 0.907323, -0.39048, 0.0, -0.983237, 0.104632, -0.149324, 0.39386, -0.094629, 0.407207, 0.908419, 0.0, 0.0, 0.0, 0.0, 1.0],
                [0.636626, 0.597154, -0.487971, -0.0, -0.763364, 0.577794, -0.288841, 0.39386, 0.109463, 0.556383, 0.823683, -0.0, 0.0, 0.0, 0.0, 1.0],
                [0.924474, 0.380127, 0.029168, 0.0, -0.202324, 0.55402, -0.807544, 0.39386, -0.323129, 0.740652, 0.589085, -0.0, 0.0, 0.0, 0.0, 1.0],
                [0.689495, 0.722885, 0.045112, -0.0, -0.38117, 0.415116, -0.826068, 0.39386, -0.615878, 0.552374, 0.56176, 0.0, 0.0, 0.0, 0.0, 1.0],
                [0.713239, 0.682669, -0.158913, -0.0, -0.435269, 0.253679, -0.863821, 0.39386, -0.549391, 0.685281, 0.478077, -0.0, 0.0, 0.0, 0.0, 1.0],
                [0.553898, 0.818333, -0.153394, 0.0, -0.715235, 0.373375, -0.590787, 0.39386, -0.426187, 0.436948, 0.79211, 0.0, 0.0, 0.0, 0.0, 1.0],
                [0.497755, 0.846089, -0.19072, -0.0, -0.76973, 0.329599, -0.5467, 0.39386, -0.399695, 0.418926, 0.815317, 0.0, 0.0, 0.0, 0.0, 1.0],
                [0.664015, 0.729304, 0.164925, -0.0, 0.016032, 0.206634, -0.978287, 0.39386, -0.747547, 0.652241, 0.125514, 0.0, 0.0, 0.0, 0.0, 1.0]
            ]
        },
        {
            "name": "Hand_L",
            "time": [0.0, 0.0333, 0.0833, 0.1167, 0.2, 0.2667, 0.3167, 0.35, 0.4167],
            "transform": [
                [1.0, -0.0, 0.0, -0.0, 0.0, 0.952896, -0.303298, 0.300003, 0.0, 0.303299, 0.952896, -0.0, 0.0, 0.0, 0.0, 1.0],
                [1.0, -0.0, 0.0, -0.0, 0.0, 0.711766, -0.702415, 0.300003, 0.0, 0.702417, 0.711766, 0.0, 0.0, 0.0, 0.0, 1.0],
                [1.0, -0.0, 0.0, 0.0, 0.0, 0.641842, -0.766836, 0.300002, 0.0, 0.766837, 0.641842, -0.0, 0.0, 0.0, 0.0, 1.0],
                [1.0, -0.0, -0.0, -0.0, -0.0, 1.0, -0.000998, 0.300003, 0.0, 0.000998, 1.0, -0.0, 0.0, 0.0, 0.0, 1.0],
                [1.0, -0.0, 0.0, -0.0, 0.0, 0.690974, -0.72288, 0.300003, 0.0, 0.722881, 0.690973, 0.0, 0.0, 0.0, 0.0, 1.0],
                [1.0, -0.0, 0.0, 0.0, 0.0, 0.605146, -0.796114, 0.300003, 0.0, 0.796116, 0.605145, -0.0, 0.0, 0.0, 0.0, 1.0],
                [1.0, -0.0, 0.0, 0.0, 0.0, 0.064877, -0.997892, 0.300003, 0.0, 0.997894, 0.064877, -0.0, 0.0, 0.0, 0.0, 1.0],
                [1.0, -0.0, 0.0, 0.0, 0.0, 0.534865, -0.844936, 0.300003, 0.0, 0.844938, 0.534865, 0.0, 0.0, 0.0, 0.0, 1.0],
                [1.0, -0.0, 0.0, 0.0, 0.0, 0.936475, -0.350735, 0.300002, -0.0, 0.350735, 0.936475, -0.0, 0.0, 0.0, 0.0, 1.0]
            ]
        },
        {
            "name": "Tool_L",
            "time": [0.0, 0.0333, 0.0833, 0.1167, 0.2, 0.2667, 0.3167, 0.35, 0.4167],
            "transform": [
                [0.688253, -0.064718, 0.722578, 0.008269, 0.70387, -0.181663, -0.686706, 0.335503, 0.175707, 0.98123, -0.079477, 0.014688, 0.0, 0.0, 0.0, 1.0],
                [0.688253, -0.064718, 0.722578, 0.008269, 0.70387, -0.181663, -0.686706, 0.335503, 0.175707, 0.98123, -0.079477, 0.014689, 0.0, 0.0, 0.0, 1.0],
                [0.688253, -0.064717, 0.722578, 0.008269, 0.703871, -0.181663, -0.686706, 0.335503, 0.175707, 0.98123, -0.079477, 0.014688, 0.0, 0.0, 0.0, 1.0],
                [0.688253, -0.064718, 0.722578, 0.008269, 0.703871, -0.181663, -0.686706, 0.335503, 0.175707, 0.98123, -0.079477, 0.014689, 0.0, 0.0, 0.0, 1.0],
                [0.688253, -0.064717, 0.722578, 0.008269, 0.703871, -0.181663, -0.686706, 0.335503, 0.175707, 0.98123, -0.079477, 0.014688, 0.0, 0.0, 0.0, 1.0],
                [0.688253, -0.064717, 0.722579, 0.008269, 0.703871, -0.181663, -0.686706, 0.335504, 0.175707, 0.98123, -0.079477, 0.014688, 0.0, 0.0, 0.0, 1.0],
                [0.688253, -0.064717, 0.722579, 0.008269, 0.703871, -0.181663, -0.686706, 0.335504, 0.175707, 0.98123, -0.079477, 0.014689, 0.0, 0.0, 0.0, 1.0],
                [0.688253, -0.064717, 0.722578, 0.008269, 0.703871, -0.181663, -0.686706, 0.335503, 0.175707, 0.98123, -0.079477, 0.014689, 0.0, 0.0, 0.0, 1.0],
                [0.688253, -0.064717, 0.722579, 0.008268, 0.703871, -0.181663, -0.686706, 0.335503, 0.175707, 0.981231, -0.079477, 0.014688, 0.0, 0.0, 0.0, 1.0]
            ]
        },
        {
            "name": "Elbow_L",
            "time": [0.0, 0.4167],
            "transform": [
                [-1.0, 0.0, -0.0, -0.0, 0.0, 0.003946, -0.999992, 0.328075, -0.0, -0.999993, -0.003946, -0.001141, 0.0, 0.0, 0.0, 1.0],
                [-1.0, 0.0, -0.0, 0.0, 0.0, 0.003946, -0.999992, 0.33278, -0.0, -0.999993, -0.003946, -0.001123, 0.0, 0.0, 0.0, 1.0]
            ]
        },
        {
            "name": "IK-Thigh_R",
            "time": [0.0, 0.0333, 0.0833, 0.1167, 0.2, 0.2667, 0.3167, 0.35, 0.4167],
            "transform": [
                [1.0, -0.0, -0.0, 0.124994, -0.0, -0.999983, 0.006013, -0.002831, -0.0, -0.006013, -0.999982, -1.2e-05, 0.0, 0.0, 0.0, 1.0],
                [1.0, -0.0, -0.0, 0.124994, -0.0, -0.999983, 0.006013, -0.002831, -0.0, -0.006013, -0.999982, -1.2e-05, 0.0, 0.0, 0.0, 1.0],
                [1.0, -0.0, -0.0, 0.124994, -0.0, -0.999983, 0.00605, -0.002831, -0.0, -0.00605, -0.999982, -1.2e-05, 0.0, 0.0, 0.0, 1.0],
                [1.0, -0.0, -0.0, 0.124994, -0.0, -0.999983, 0.006095, -0.002831, -0.0, -0.006095, -0.999981, -1.2e-05, 0.0, 0.0, 0.0, 1.0],
                [1.0, -0.0, -0.0, 0.124994, -0.0, -0.999983, 0.006073, -0.002831, -0.0, -0.006073, -0.999982, -1.2e-05, 0.0, 0.0, 0.0, 1.0],
                [1.0, -0.0, -0.0, 0.124994, -0.0, -0.999983, 0.006099, -0.002831, -0.0, -0.006099, -0.999981, -1.2e-05, 0.0, 0.0, 0.0, 1.0],
                [1.0, -0.0, -0.0, 0.124994, -0.0, -0.999983, 0.00601, -0.002831, -0.0, -0.00601, -0.999982, -1.2e-05, 0.0, 0.0, 0.0, 1.0],
                [1.0, -0.0, -0.0, 0.124994, -0.0, -0.999983, 0.006013, -0.002831, -0.0, -0.006013, -0.999982, -1.2e-05, 0.0, 0.0, 0.0, 1.0],
                [1.0, -0.0, -0.0, 0.124994, -0.0, -0.999983, 0.006013, -0.002831, -0.0, -0.006013, -0.999982, -1.2e-05, 0.0, 0.0, 0.0, 1.0]
            ]
        },
        {
            "name": "IK-Leg_R",
            "time": [0.0, 0.4167],
            "transform": [
                [1.0, 0.0, 1e-06, -0.0, -0.0, 0.999928, 0.012022, 0.374726, -1e-06, -0.012022, 0.999928, -0.0, 0.0, 0.0, 0.0, 1.0],
                [1.0, 0.0, 1e-06, -0.0, -0.0, 0.999928, 0.012022, 0.374726, -1e-06, -0.012022, 0.999928, -0.0, 0.0, 0.0, 0.0, 1.0]
            ]
        },
        {
            "name": "IK-Thigh_L",
            "time": [0.0, 0.0333, 0.0833, 0.1167, 0.2, 0.2667, 0.3167, 0.35, 0.4167],
            "transform": [
                [1.0, -0.0, -0.0, -0.125006, -0.0, -0.999984, 0.005991, -0.002831, -0.0, -0.005991, -0.999982, -1.2e-05, 0.0, 0.0, 0.0, 1.0],
                [1.0, -0.0, -0.0, -0.125006, -0.0, -0.999984, 0.005986, -0.002831, -0.0, -0.005986, -0.999982, -1.2e-05, 0.0, 0.0, 0.0, 1.0],
                [1.0, -0.0, -0.0, -0.125006, -0.0, -0.999984, 0.005991, -0.002831, -0.0, -0.005991, -0.999982, -1.2e-05, 0.0, 0.0, 0.0, 1.0],
                [1.0, -0.0, -0.0, -0.125006, -0.0, -0.999984, 0.006013, -0.002831, -0.0, -0.006013, -0.999982, -1.2e-05, 0.0, 0.0, 0.0, 1.0],
                [1.0, -0.0, -0.0, -0.125006, -0.0, -0.999984, 0.006039, -0.002831, -0.0, -0.006039, -0.999982, -1.2e-05, 0.0, 0.0, 0.0, 1.0],
                [1.0, -0.0, -0.0, -0.125006, -0.0, -0.999984, 0.00599, -0.002831, -0.0, -0.00599, -0.999982, -1.2e-05, 0.0, 0.0, 0.0, 1.0],
                [1.0, -0.0, -0.0, -0.125006, -0.0, -0.999984, 0.006013, -0.002831, -0.0, -0.006013, -0.999982, -1.2e-05, 0.0, 0.0, 0.0, 1.0],
                [1.0, -0.0, -0.0, -0.125006, -0.0, -0.999984, 0.00599, -0.002831, -0.0, -0.00599, -0.999982, -1.2e-05, 0.0, 0.0, 0.0, 1.0],
                [1.0, -0.0, -0.0, -0.125006, -0.0, -0.999984, 0.005991, -0.002831, -0.0, -0.005991, -0.999982, -1.2e-05, 0.0, 0.0, 0.0, 1.0]
            ]
        }
    ]
}