{
    "armature": {
        "joints": ["Root", "Thigh_R", "Leg_R", "Knee_R", "Thigh_L", "Leg_L", "Knee_L", "Torso", "Chest", "Head", "Shoulder_R", "Arm_R", "Hand_R", "Tool_R", "Elbow_R", "Shoulder_L", "Arm_L", "Hand_L", "Tool_L", "Elbow_L", "IK-Thigh_R", "IK-Leg_R", "IK-Thigh_L"],
        "hierarchy": [
            {
                "name": "Root",
                "transform": [1.0, 0.0, 0.0, -5e-06, 0.0, 0.0, -1.0, 0.000946, 0.0, 1.0, 0.0, 0.763972, 0.0, 0.0, 0.0, 1.0],
                "children": [
                    {
                        "name": "Thigh_R",
                        "transform": [1.0, -0.0, -0.0, 0.124994, -0.0, -0.999984, 0.00567, -0.002831, -0.0, -0.00567, -0.999984, -1.2e-05, 0.0, 0.0, 0.0, 1.0],
                        "children": [
                            {
                                "name": "Leg_R",
                                "transform": [1.0, 0.0, 1e-06, -0.0, -0.0, 0.999936, 0.011335, 0.374726, -1e-06, -0.011335, 0.999936, 0.0, 0.0, 0.0, 0.0, 1.0],
                                "children": []
                            },
                            {
                                "name": "Knee_R",
                                "transform": [1.0, 0.0, -0.0, -0.0, -0.0, 0.00567, -0.999984, 0.374726, -0.0, 0.999984, 0.00567, 0.0, 0.0, 0.0, 0.0, 1.0],
                                "children": []
                            }
                        ]
                    },
                    {
                        "name": "Thigh_L",
                        "transform": [1.0, -0.0, -0.0, -0.125006, -0.0, -0.999984, 0.00567, -0.002831, -0.0, -0.00567, -0.999984, -1.2e-05, 0.0, 0.0, 0.0, 1.0],
                        "children": [
                            {
                                "name": "Leg_L",
                                "transform": [1.0, 0.0, 1e-06, -0.0, -0.0, 0.999936, 0.011335, 0.374726, -1e-06, -0.011335, 0.999936, -0.0, 0.0, 0.0, 0.0, 1.0],
                                "children": []
                            },
                            {
                                "name": "Knee_L",
                                "transform": [1.0, 0.0, -0.0, -0.0, -0.0, 0.00567, -0.999984, 0.374726, -0.0, 0.999984, 0.00567, -0.0, 0.0, 0.0, 0.0, 1.0],
                                "children": []
                            }
                        ]
                    },
                    {
                        "name": "Torso",
                        "transform": [1.0, 0.0, 0.0, 0.0, 0.0, 1.0, 0.0, 0.05, 0.0, 0.0, 1.0, 0.0, 0.0, 0.0, 0.0, 1.0],
                        "children": [
                            {
                                "name": "Chest",
                                "transform": [1.0, 0.0, 0.0, 0.0, 0.0, 1.0, 0.0, 0.3, 0.0, 0.0, 1.0, 0.0, 0.0, 0.0, 0.0, 1.0],
                                "children": [
                                    {
                                        "name": "Head",
                                        "transform": [1.0, 0.0, 0.0, 0.0, 0.0, 1.0, 0.0, 0.4, 0.0, 0.0, 1.0, 0.0, 0.0, 0.0, 0.0, 1.0],
                                        "children": []
                                    },
                                    {
                                        "name": "Shoulder_R",
                                        "transform": [0.0, 0.952114, 0.305743, 0.0, 0.0, -0.305743, 0.952114, 0.4, 1.0, 0.0, -0.0, 0.0, 0.0, 0.0, 0.0, 1.0],
                                        "children": [
                                            {
                                                "name": "Arm_R",
                                                "transform": [0.0, 0.003946, -0.999992, -0.0, 0.952114, 0.305741, 0.001207, 0.39386, 0.305743, -0.952107, -0.003757, 0.0, 0.0, 0.0, 0.0, 1.0],
                                                "children": [
                                                    {
                                                        "name": "Hand_R",
                                                        "transform": [1.0, -0.0, 0.0, 0.0, 0.0, 0.999963, -0.008633, 0.300003, -0.0, 0.008633, 0.999963, 0.0, 0.0, 0.0, 0.0, 1.0],
                                                        "children": [
                                                            {
                                                                "name": "Tool_R",
                                                                "transform": [1.0, -0.0, 0.0, 0.0, 0.0, -0.999559, -0.029689, 0.271711, 0.0, 0.029689, -0.999559, -0.028915, 0.0, 0.0, 0.0, 1.0],
                                                                "children": []
                                                            }
                                                        ]
                                                    },
                                                    {
                                                        "name": "Elbow_R",
                                                        "transform": [-1.0, 0.0, -0.0, 0.0, 0.0, 0.003946, -0.999992, 0.300008, -0.0, -0.999992, -0.003946, -0.001252, 0.0, 0.0, 0.0, 1.0],
                                                        "children": []
                                                    }
                                                ]
                                            }
                                        ]
                                    },
                                    {
                                        "name": "Shoulder_L",
                                        "transform": [-0.0, -0.952114, -0.305743, 0.0, 0.0, -0.305743, 0.952114, 0.4, -1.0, 0.0, 0.0, 0.0, 0.0, 0.0, 0.0, 1.0],
                                        "children": [
                                            {
                                                "name": "Arm_L",
                                                "transform": [-0.0, -0.003946, 0.999992, -0.0, -0.952114, 0.305741, 0.001206, 0.39386, -0.305743, -0.952106, -0.003757, 0.0, 0.0, 0.0, 0.0, 1.0],
                                                "children": [
                                                    {
                                                        "name": "Hand_L",
                                                        "transform": [1.0, -0.0, 0.0, -0.0, 0.0, 0.999963, -0.008633, 0.300003, -0.0, 0.008633, 0.999963, -0.0, 0.0, 0.0, 0.0, 1.0],
                                                        "children": [
                                                            {
                                                                "name": "Tool_L",
                                                                "transform": [1.0, -0.0, 0.0, -0.0, 0.0, -0.999559, -0.029689, 0.271711, 0.0, 0.029689, -0.999559, -0.028915, 0.0, 0.0, 0.0, 1.0],
                                                                "children": []
                                                            }
                                                        ]
                                                    },
                                                    {
                                                        "name": "Elbow_L",
                                                        "transform": [-1.0, 0.0, -0.0, -0.0, 0.0, 0.003946, -0.999992, 0.300008, -0.0, -0.999992, -0.003946, -0.001252, 0.0, 0.0, 0.0, 1.0],
                                                        "children": []
                                                    }
                                                ]
                                            }
                                        ]
                                    }
                                ]
                            }
                        ]
                    },
                    {
                        "name": "IK-Thigh_R",
                        "transform": [1.0, -0.0, -0.0, 0.124994, -0.0, -0.999984, 0.00567, -0.002831, -0.0, -0.00567, -0.999984, -1.2e-05, 0.0, 0.0, 0.0, 1.0],
                        "children": [
                            {
                                "name": "IK-Leg_R",
                                "transform": [1.0, 0.0, 1e-06, -0.0, -0.0, 0.999936, 0.011335, 0.374726, -1e-06, -0.011335, 0.999936, 0.0, 0.0, 0.0, 0.0, 1.0],
                                "children": []
                            }
                        ]
                    },
                    {
                        "name": "IK-Thigh_L",
                        "transform": [1.0, -0.0, -0.0, -0.125006, -0.0, -0.999984, 0.00567, -0.002831, -0.0, -0.00567, -0.999984, -1.2e-05, 0.0, 0.0, 0.0, 1.0],
                        "children": []
                    }
                ]
            },
            {},
            {},
            {},
            {},
            {},
            {},
            {},
            {}
        ]
    },
    "animation": [
        {
            "name": "Root",
            "time": [0.0, 0.0833, 0.25, 0.3, 0.3333, 0.4167, 0.6667, 0.8333, 1.0, 1.1667, 1.3333],
            "transform": [
                [1.0, 0.0, 0.0, -5e-06, 0.0, 0.0, -1.0, 0.000946, 0.0, 1.0, 0.0, 0.763972, 0.0, 0.0, 0.0, 1.0],
                [1.0, 0.0, 0.0, -5e-06, 0.0, 0.0, -1.0, 0.000946, 0.0, 1.0, 0.0, 0.763972, 0.0, 0.0, 0.0, 1.0],
                [1.0, 0.0, 0.0, -5e-06, 0.0, 0.0, -1.0, 0.000946, 0.0, 1.0, 0.0, 0.763972, 0.0, 0.0, 0.0, 1.0],
                [1.0, 0.0, 0.0, -5e-06, 0.0, 0.0, -1.0, 0.000946, 0.0, 1.0, 0.0, 0.763972, 0.0, 0.0, 0.0, 1.0],
                [1.0, 0.0, 0.0, -5e-06, 0.0, 0.0, -1.0, 0.000946, 0.0, 1.0, 0.0, 0.763972, 0.0, 0.0, 0.0, 1.0],
                [1.0, 0.0, 0.0, -5e-06, 0.0, 0.0, -1.0, 0.000946, 0.0, 1.0, 0.0, 0.763972, 0.0, 0.0, 0.0, 1.0],
                [1.0, 0.0, 0.0, -5e-06, 0.0, 0.0, -1.0, 0.000946, 0.0, 1.0, 0.0, 0.763972, 0.0, 0.0, 0.0, 1.0],
                [1.0, 0.0, 0.0, -5e-06, 0.0, 0.0, -1.0, 0.000946, 0.0, 1.0, 0.0, 0.763972, 0.0, 0.0, 0.0, 1.0],
                [1.0, 0.0, 0.0, -5e-06, 0.0, 0.0, -1.0, 0.000946, 0.0, 1.0, 0.0, 0.763972, 0.0, 0.0, 0.0, 1.0],
                [1.0, 0.0, 0.0, -5e-06, 0.0, 0.0, -1.0, 0.000946, 0.0, 1.0, 0.0, 0.763972, 0.0, 0.0, 0.0, 1.0],
                [1.0, 0.0, 0.0, -5e-06, 0.0, 0.0, -1.0, 0.000946, 0.0, 1.0, 0.0, 0.763972, 0.0, 0.0, 0.0, 1.0]
            ]
        },
        {
            "name": "Thigh_R",
            "time": [0.0, 0.0833, 0.25, 0.3, 0.3333, 0.4167, 0.6667, 0.8333, 1.0, 1.1667, 1.3333],
            "transform": [
                [1.0, -0.0, -0.0, 0.124994, -0.0, -0.999984, 0.005991, -0.002831, -0.0, -0.005991, -0.999982, -1.2e-05, 0.0, 0.0, 0.0, 1.0],
                [1.0, -0.0, -0.0, 0.124994, -0.0, -0.999984, 0.005986, -0.002831, -0.0, -0.005986, -0.999982, -1.2e-05, 0.0, 0.0, 0.0, 1.0],
                [1.0, -0.0, -0.0, 0.124994, -0.0, -0.999984, 0.005991, -0.002831, -0.0, -0.005991, -0.999982, -1.2e-05, 0.0, 0.0, 0.0, 1.0],
                [1.0, -0.0, -0.0, 0.124994, -0.0, -0.999984, 0.00599, -0.002831, -0.0, -0.00599, -0.999982, -1.2e-05, 0.0, 0.0, 0.0, 1.0],
                [1.0, -0.0, -0.0, 0.124994, -0.0, -0.999984, 0.005991, -0.002831, -0.0, -0.005991, -0.999982, -1.2e-05, 0.0, 0.0, 0.0, 1.0],
                [1.0, -0.0, -0.0, 0.124994, -0.0, -0.999984, 0.006013, -0.002831, -0.0, -0.006013, -0.999982, -1.2e-05, 0.0, 0.0, 0.0, 1.0],
                [1.0, -0.0, -0.0, 0.124994, -0.0, -0.999984, 0.006039, -0.002831, -0.0, -0.006039, -0.999982, -1.2e-05, 0.0, 0.0, 0.0, 1.0],
                [1.0, -0.0, -0.0, 0.124994, -0.0, -0.999984, 0.00599, -0.002831, -0.0, -0.00599, -0.999982, -1.2e-05, 0.0, 0.0, 0.0, 1.0],
                [1.0, -0.0, -0.0, 0.124994, -0.0, -0.999984, 0.006013, -0.002831, -0.0, -0.006013, -0.999982, -1.2e-05, 0.0, 0.0, 0.0, 1.0],
                [1.0, -0.0, -0.0, 0.124994, -0.0, -0.999984, 0.00599, -0.002831, -0.0, -0.00599, -0.999982, -1.2e-05, 0.0, 0.0, 0.0, 1.0],
                [1.0, -0.0, -0.0, 0.124994, -0.0, -0.999984, 0.005991, -0.002831, -0.0, -0.005991, -0.999982, -1.2e-05, 0.0, 0.0, 0.0, 1.0]
            ]
        },
        {
            "name": "Leg_R",
            "time": [0.0, 0.0833, 0.25, 0.3, 0.3333, 0.4167, 0.6667, 0.8333, 1.0, 1.1667, 1.3333],
            "transform": [
                [1.0, 0.0, 1e-06, 0.0, -0.0, 0.999928, 0.011977, 0.374726, -1e-06, -0.011977, 0.999928, -0.0, 0.0, 0.0, 0.0, 1.0],
                [1.0, 0.0, 1e-06, 0.0, -0.0, 0.999928, 0.011968, 0.374726, -1e-06, -0.011968, 0.999928, -0.0, 0.0, 0.0, 0.0, 1.0],
                [1.0, 0.0, 1e-06, 0.0, -0.0, 0.999928, 0.011977, 0.374726, -1e-06, -0.011977, 0.999928, -0.0, 0.0, 0.0, 0.0, 1.0],
                [1.0, 0.0, 1e-06, 0.0, -0.0, 0.999928, 0.011975, 0.374726, -1e-06, -0.011975, 0.999928, -0.0, 0.0, 0.0, 0.0, 1.0],
                [1.0, 0.0, 1e-06, 0.0, -0.0, 0.999928, 0.011977, 0.374726, -1e-06, -0.011977, 0.999928, 0.0, 0.0, 0.0, 0.0, 1.0],
                [1.0, 0.0, 1e-06, 0.0, -0.0, 0.999928, 0.012021, 0.374726, -1e-06, -0.012021, 0.999928, 0.0, 0.0, 0.0, 0.0, 1.0],
                [1.0, 0.0, 1e-06, 0.0, -0.0, 0.999927, 0.012073, 0.374726, -1e-06, -0.012073, 0.999927, -0.0, 0.0, 0.0, 0.0, 1.0],
                [1.0, 0.0, 1e-06, 0.0, -0.0, 0.999928, 0.011975, 0.374726, -1e-06, -0.011975, 0.999928, -0.0, 0.0, 0.0, 0.0, 1.0],
                [1.0, 0.0, 1e-06, 0.0, -0.0, 0.999928, 0.012021, 0.374726, -1e-06, -0.012021, 0.999928, 0.0, 0.0, 0.0, 0.0, 1.0],
                [1.0, 0.0, 1e-06, 0.0, -0.0, 0.999928, 0.011975, 0.374726, -1e-06, -0.011975, 0.999928, -0.0, 0.0, 0.0, 0.0, 1.0],
                [1.0, 0.0, 1e-06, 0.0, -0.0, 0.999928, 0.011977, 0.374726, -1e-06, -0.011977, 0.999928, -0.0, 0.0, 0.0, 0.0, 1.0]
            ]
        },
        {
            "name": "Knee_R",
            "time": [0.0, 1.3333],
            "transform": [
                [1.0, 0.0, -0.0, 0.0, -0.0, 0.00567, -0.999984, 0.374726, -0.0, 0.999984, 0.00567, -0.0, 0.0, 0.0, 0.0, 1.0],
                [1.0, 0.0, -0.0, 0.0, -0.0, 0.00567, -0.999984, 0.374726, -0.0, 0.999984, 0.00567, -0.0, 0.0, 0.0, 0.0, 1.0]
            ]
        },
        {
            "name": "Thigh_L",
            "time": [0.0, 0.0833, 0.25, 0.3, 0.3333, 0.4167, 0.6667, 0.8333, 1.0, 1.1667, 1.3333],
            "transform": [
                [1.0, -0.0, -0.0, -0.125006, -0.0, -0.999983, 0.006013, -0.002831, -0.0, -0.006013, -0.999982, -1.2e-05, 0.0, 0.0, 0.0, 1.0],
                [1.0, -0.0, -0.0, -0.125006, -0.0, -0.999983, 0.006013, -0.002831, -0.0, -0.006013, -0.999982, -1.2e-05, 0.0, 0.0, 0.0, 1.0],
                [1.0, -0.0, -0.0, -0.125006, -0.0, -0.999983, 0.00605, -0.002831, -0.0, -0.00605, -0.999982, -1.2e-05, 0.0, 0.0, 0.0, 1.0],
                [1.0, -0.0, -0.0, -0.125006, -0.0, -0.999983, 0.00607, -0.002831, -0.0, -0.00607, -0.999982, -1.2e-05, 0.0, 0.0, 0.0, 1.0],
                [1.0, -0.0, -0.0, -0.125006, -0.0, -0.999983, 0.006087, -0.002831, -0.0, -0.006087, -0.999981, -1.2e-05, 0.0, 0.0, 0.0, 1.0],
                [1.0, -0.0, -0.0, -0.125006, -0.0, -0.999983, 0.006095, -0.002831, -0.0, -0.006095, -0.999981, -1.2e-05, 0.0, 0.0, 0.0, 1.0],
                [1.0, -0.0, -0.0, -0.125006, -0.0, -0.999983, 0.006073, -0.002831, -0.0, -0.006073, -0.999982, -1.2e-05, 0.0, 0.0, 0.0, 1.0],
                [1.0, -0.0, -0.0, -0.125006, -0.0, -0.999983, 0.006099, -0.002831, -0.0, -0.006099, -0.999981, -1.2e-05, 0.0, 0.0, 0.0, 1.0],
                [1.0, -0.0, -0.0, -0.125006, -0.0, -0.999983, 0.00601, -0.002831, -0.0, -0.00601, -0.999982, -1.2e-05, 0.0, 0.0, 0.0, 1.0],
                [1.0, -0.0, -0.0, -0.125006, -0.0, -0.999983, 0.006013, -0.002831, -0.0, -0.006013, -0.999982, -1.2e-05, 0.0, 0.0, 0.0, 1.0],
                [1.0, -0.0, -0.0, -0.125006, -0.0, -0.999983, 0.006013, -0.002831, -0.0, -0.006013, -0.999982, -1.2e-05, 0.0, 0.0, 0.0, 1.0]
            ]
        },
        {
            "name": "Leg_L",
            "time": [0.0, 0.0833, 0.25, 0.3, 0.3333, 0.4167, 0.6667, 0.8333, 1.0, 1.1667, 1.3333],
            "transform": [
                [1.0, 0.0, 1e-06, 0.0, -0.0, 0.999928, 0.012022, 0.374726, -1e-06, -0.012022, 0.999928, -0.0, 0.0, 0.0, 0.0, 1.0],
                [1.0, 0.0, 1e-06, 0.0, -0.0, 0.999928, 0.012022, 0.374726, -1e-06, -0.012022, 0.999928, -0.0, 0.0, 0.0, 0.0, 1.0],
                [1.0, 0.0, 1e-06, -0.0, -0.0, 0.999927, 0.012096, 0.374726, -1e-06, -0.012096, 0.999927, -0.0, 0.0, 0.0, 0.0, 1.0],
                [1.0, 0.0, 1e-06, -0.0, -0.0, 0.999926, 0.012135, 0.374726, -1e-06, -0.012135, 0.999926, -0.0, 0.0, 0.0, 0.0, 1.0],
                [1.0, 0.0, 1e-06, -0.0, -0.0, 0.999926, 0.012169, 0.374726, -1e-06, -0.012169, 0.999926, -0.0, 0.0, 0.0, 0.0, 1.0],
                [1.0, 0.0, 1e-06, -0.0, -0.0, 0.999926, 0.012185, 0.374726, -1e-06, -0.012185, 0.999926, 0.0, 0.0, 0.0, 0.0, 1.0],
                [1.0, 0.0, 1e-06, 0.0, -0.0, 0.999926, 0.012142, 0.374726, -1e-06, -0.012142, 0.999926, -0.0, 0.0, 0.0, 0.0, 1.0],
                [1.0, 0.0, 1e-06, 0.0, -0.0, 0.999926, 0.012193, 0.374726, -1e-06, -0.012193, 0.999925, -0.0, 0.0, 0.0, 0.0, 1.0],
                [1.0, 0.0, 1e-06, -0.0, -0.0, 0.999928, 0.012015, 0.374726, -1e-06, -0.012015, 0.999927, 0.0, 0.0, 0.0, 0.0, 1.0],
                [1.0, 0.0, 1e-06, -0.0, -0.0, 0.999928, 0.012022, 0.374726, -1e-06, -0.012022, 0.999928, 0.0, 0.0, 0.0, 0.0, 1.0],
                [1.0, 0.0, 1e-06, 0.0, -0.0, 0.999928, 0.012022, 0.374726, -1e-06, -0.012022, 0.999928, -0.0, 0.0, 0.0, 0.0, 1.0]
            ]
        },
        {
            "name": "Knee_L",
            "time": [0.0, 1.3333],
            "transform": [
                [1.0, 0.0, -0.0, 0.0, -0.0, 0.00567, -0.999984, 0.374726, -0.0, 0.999984, 0.00567, 0.0, 0.0, 0.0, 0.0, 1.0],
                [1.0, 0.0, -0.0, 0.0, -0.0, 0.00567, -0.999984, 0.374726, -0.0, 0.999984, 0.00567, 0.0, 0.0, 0.0, 0.0, 1.0]
            ]
        },
        {
            "name": "Torso",
            "time": [0.0, 0.0833, 0.25, 0.3, 0.3333, 0.4167, 0.6667, 0.8333, 1.0, 1.1667, 1.3333],
            "transform": [
                [1.0, 0.0, 0.0, 0.0, 0.0, 1.0, 0.0, 0.05, 0.0, 0.0, 1.0, 0.0, 0.0, 0.0, 0.0, 1.0],
                [1.0, 0.0, 0.0, 0.0, 0.0, 1.0, 0.0, 0.05, 0.0, 0.0, 1.0, 0.0, 0.0, 0.0, 0.0, 1.0],
                [1.0, 0.0, 0.0, 0.0, 0.0, 1.0, 0.0, 0.05, 0.0, 0.0, 1.0, 0.0, 0.0, 0.0, 0.0, 1.0],
                [1.0, 0.0, 0.0, 0.0, 0.0, 1.0, 0.0, 0.05, 0.0, 0.0, 1.0, 0.0, 0.0, 0.0, 0.0, 1.0],
                [1.0, 0.0, 0.0, 0.0, 0.0, 1.0, 0.0, 0.05, 0.0, 0.0, 1.0, 0.0, 0.0, 0.0, 0.0, 1.0],
                [1.0, 0.0, 0.0, 0.0, 0.0, 1.0, 0.0, 0.05, 0.0, 0.0, 1.0, 0.0, 0.0, 0.0, 0.0, 1.0],
                [1.0, 0.0, 0.0, 0.0, 0.0, 1.0, 0.0, 0.05, 0.0, 0.0, 1.0, 0.0, 0.0, 0.0, 0.0, 1.0],
                [1.0, 0.0, 0.0, 0.0, 0.0, 1.0, 0.0, 0.05, 0.0, 0.0, 1.0, 0.0, 0.0, 0.0, 0.0, 1.0],
                [1.0, 0.0, 0.0, 0.0, 0.0, 1.0, 0.0, 0.05, 0.0, 0.0, 1.0, 0.0, 0.0, 0.0, 0.0, 1.0],
                [1.0, 0.0, 0.0, 0.0, 0.0, 1.0, 0.0, 0.05, 0.0, 0.0, 1.0, 0.0, 0.0, 0.0, 0.0, 1.0],
                [1.0, 0.0, 0.0, 0.0, 0.0, 1.0, 0.0, 0.05, 0.0, 0.0, 1.0, 0.0, 0.0, 0.0, 0.0, 1.0]
            ]
        },
        {
            "name": "Chest",
            "time": [0.0, 0.0833, 0.25, 0.3, 0.3333, 0.4167, 0.6667, 0.8333, 1.0, 1.1667, 1.3333],
            "transform": [
                [0.927992, 0.0, -0.3726, 0.0, 0.0, 1.000001, 0.0, 0.3, 0.3726, 0.0, 0.927992, 0.0, 0.0, 0.0, 0.0, 1.0],
                [0.986398, 0.0, -0.164373, 0.0, 0.0, 1.000001, 0.0, 0.3, 0.164373, 0.0, 0.986398, 0.0, 0.0, 0.0, 0.0, 1.0],
                [0.969833, 0.0, 0.243773, 0.0, 0.0, 1.0, 0.0, 0.3, -0.243773, 0.0, 0.969833, 0.0, 0.0, 0.0, 0.0, 1.0],
                [0.952105, 0.0, 0.305772, 0.0, 0.0, 1.000001, 0.0, 0.3, -0.305772, 0.0, 0.952105, 0.0, 0.0, 0.0, 0.0, 1.0],
                [0.942426, 0.0, 0.334414, 0.0, 0.0, 1.000001, 0.0, 0.3, -0.334414, 0.0, 0.942426, 0.0, 0.0, 0.0, 0.0, 1.0],
                [0.794864, 0.0, 0.606788, 0.0, 0.0, 1.000001, 0.0, 0.3, -0.606788, 0.0, 0.794864, 0.0, 0.0, 0.0, 0.0, 1.0],
                [0.938497, 0.0, 0.345288, 0.0, 0.0, 1.000001, 0.0, 0.3, -0.345288, 0.0, 0.938497, 0.0, 0.0, 0.0, 0.0, 1.0],
                [0.960907, 0.0, 0.27687, 0.0, 0.0, 1.000001, 0.0, 0.3, -0.27687, 0.0, 0.960907, 0.0, 0.0, 0.0, 0.0, 1.0],
                [0.997561, 0.0, 0.0698, 0.0, 0.0, 1.000001, 0.0, 0.3, -0.0698, 0.0, 0.997561, 0.0, 0.0, 0.0, 0.0, 1.0],
                [1.0, 0.0, 0.0, 0.0, 0.0, 1.000001, 0.0, 0.3, 0.0, 0.0, 1.0, 0.0, 0.0, 0.0, 0.0, 1.0],
                [1.0, 0.0, 0.0, 0.0, 0.0, 1.000001, 0.0, 0.3, 0.0, 0.0, 1.0, 0.0, 0.0, 0.0, 0.0, 1.0]
            ]
        },
        {
            "name": "Head",
            "time": [0.0, 0.0833, 0.25, 0.3, 0.3333, 0.4167, 0.6667, 0.8333, 1.0, 1.1667, 1.3333],
            "transform": [
                [0.929695, 0.0, 0.368329, 0.0, 0.0, 1.0, 0.0, 0.4, -0.368329, 0.0, 0.929695, 0.0, 0.0, 0.0, 0.0, 1.0],
                [0.986691, 0.0, 0.162604, -0.0, 0.0, 1.0, 0.0, 0.4, -0.162604, 0.0, 0.986691, 0.0, 0.0, 0.0, 0.0, 1.0],
                [0.971023, 0.0, -0.238986, -0.0, 0.0, 1.000001, 0.0, 0.4, 0.238986, 0.0, 0.971023, 0.0, 0.0, 0.0, 0.0, 1.0],
                [0.952128, 0.0, -0.305701, 0.0, 0.0, 1.0, 0.0, 0.4, 0.305701, 0.0, 0.952128, 0.0, 0.0, 0.0, 0.0, 1.0],
                [0.941754, 0.0, -0.336302, -0.0, 0.0, 1.0, 0.0, 0.4, 0.336302, 0.0, 0.941754, 0.0, 0.0, 0.0, 0.0, 1.0],
                [0.796691, 0.0, -0.604387, -0.0, 0.0, 1.0, 0.0, 0.4, 0.604387, 0.0, 0.796691, 0.0, 0.0, 0.0, 0.0, 1.0],
                [0.954234, 0.0, -0.29906, 0.0, 0.0, 1.0, 0.0, 0.4, 0.29906, 0.0, 0.954234, 0.0, 0.0, 0.0, 0.0, 1.0],
                [0.977581, 0.0, -0.210558, -0.0, 0.0, 1.0, 0.0, 0.4, 0.210558, 0.0, 0.977581, 0.0, 0.0, 0.0, 0.0, 1.0],
                [0.993483, 0.0, -0.113974, 0.0, 0.0, 1.0, 0.0, 0.4, 0.113974, 0.0, 0.993483, 0.0, 0.0, 0.0, 0.0, 1.0],
                [0.999342, 0.0, -0.036281, 0.0, 0.0, 1.0, 0.0, 0.4, 0.036281, 0.0, 0.999342, 0.0, 0.0, 0.0, 0.0, 1.0],
                [0.99999, 0.0, -0.004487, 0.0, 0.0, 1.0, 0.0, 0.4, 0.004487, 0.0, 0.99999, 0.0, 0.0, 0.0, 0.0, 1.0]
            ]
        },
        {
            "name": "Shoulder_R",
            "time": [0.0, 0.0833, 0.25, 0.3, 0.3333, 0.4167, 0.6667, 0.8333, 1.0, 1.1667, 1.3333],
            "transform": [
                [0.0, 0.952114, 0.305743, -0.0, 0.0, -0.305743, 0.952114, 0.4, 1.0, -0.0, -0.0, 0.0, 0.0, 0.0, 0.0, 1.0],
                [0.0, 0.952114, 0.305743, -0.0, 0.0, -0.305743, 0.952114, 0.4, 1.0, 0.0, -0.0, -0.001802, 0.0, 0.0, 0.0, 1.0],
                [0.0, 0.952114, 0.305743, -0.0, 0.0, -0.305743, 0.952114, 0.4, 1.0, 0.0, -0.0, -0.048648, 0.0, 0.0, 0.0, 1.0],
                [0.0, 0.952114, 0.305743, -0.0, 0.0, -0.305743, 0.952114, 0.4, 1.0, 0.0, -0.0, -0.087889, 0.0, 0.0, 0.0, 1.0],
                [0.0, 0.952114, 0.305743, -0.0, 0.0, -0.305743, 0.952114, 0.4, 1.0, -0.0, -0.0, -0.115533, 0.0, 0.0, 0.0, 1.0],
                [0.0, 0.952114, 0.305743, -0.04476, 0.0, -0.305743, 0.952114, 0.4, 1.0, -0.0, -0.0, 0.001018, 0.0, 0.0, 0.0, 1.0],
                [0.0, 0.952114, 0.305743, -0.0, 0.0, -0.305743, 0.952114, 0.4, 1.0, 0.0, -0.0, -0.138602, 0.0, 0.0, 0.0, 1.0],
                [0.0, 0.952114, 0.305743, -0.0, 0.0, -0.305743, 0.952114, 0.4, 1.0, 0.0, -0.0, -0.111494, 0.0, 0.0, 0.0, 1.0],
                [0.0, 0.952114, 0.305743, -0.0, 0.0, -0.305743, 0.952114, 0.4, 1.0, 0.0, -0.0, -0.043761, 0.0, 0.0, 0.0, 1.0],
                [0.0, 0.952114, 0.305743, -0.0, 0.0, -0.305743, 0.952114, 0.4, 1.0, -0.0, -0.0, -0.0, 0.0, 0.0, 0.0, 1.0],
                [0.0, 0.952114, 0.305743, -0.0, 0.0, -0.305743, 0.952114, 0.4, 1.0, -0.0, -0.0, -0.0, 0.0, 0.0, 0.0, 1.0]
            ]
        },
        {
            "name": "Arm_R",
            "time": [0.0, 0.0833, 0.25, 0.3, 0.3333, 0.4167, 0.6667, 0.8333, 1.0, 1.1667, 1.3333],
            "transform": [
                [0.132191, -0.865099, 0.48387, 0.0, 0.903949, -0.095076, -0.416937, 0.393861, 0.406697, 0.492509, 0.769436, -0.0, 0.0, 0.0, 0.0, 1.0],
                [0.155857, -0.907325, 0.390478, 0.0, 0.983237, 0.104634, -0.149324, 0.39386, 0.094629, 0.407205, 0.908421, 0.0, 0.0, 0.0, 0.0, 1.0],
                [0.636627, -0.597154, 0.487969, 0.0, 0.763363, 0.577796, -0.28884, 0.39386, -0.109464, 0.556382, 0.823685, -0.0, 0.0, 0.0, 0.0, 1.0],
                [0.894221, -0.379363, 0.237599, -0.0, 0.446682, 0.721791, -0.528672, 0.39386, 0.029062, 0.578881, 0.814894, 0.0, 0.0, 0.0, 0.0, 1.0],
                [0.835124, -0.370895, 0.406208, 0.0, 0.547873, 0.495063, -0.67435, 0.39386, 0.049015, 0.785717, 0.616641, 0.0, 0.0, 0.0, 0.0, 1.0],
                [0.924474, -0.380128, -0.029168, -0.0, 0.202324, 0.55402, -0.807544, 0.39386, 0.323129, 0.740653, 0.589085, -0.0, 0.0, 0.0, 0.0, 1.0],
                [0.689496, -0.722884, -0.045114, 0.0, 0.381169, 0.415118, -0.826068, 0.393861, 0.615878, 0.552375, 0.561761, -0.0, 0.0, 0.0, 0.0, 1.0],
                [0.71324, -0.682669, 0.158911, 0.0, 0.435269, 0.253681, -0.863821, 0.393861, 0.54939, 0.685281, 0.478079, 0.0, 0.0, 0.0, 0.0, 1.0],
                [0.5539, -0.818332, 0.153393, -0.0, 0.715235, 0.373377, -0.590787, 0.39386, 0.426186, 0.436949, 0.792111, -0.0, 0.0, 0.0, 0.0, 1.0],
                [0.497757, -0.846089, 0.190719, -0.0, 0.769729, 0.329601, -0.546699, 0.39386, 0.399695, 0.418925, 0.815318, -0.0, 0.0, 0.0, 0.0, 1.0],
                [0.664016, -0.729304, -0.164929, -0.0, -0.016032, 0.206639, -0.978286, 0.39386, 0.747546, 0.652241, 0.125518, -0.0, 0.0, 0.0, 0.0, 1.0]
            ]
        },
        {
            "name": "Hand_R",
            "time": [0.0, 0.0833, 0.25, 0.3, 0.3333, 0.4167, 0.6667, 0.8333, 1.0, 1.1667, 1.3333],
            "transform": [
                [1.0, -1e-06, 0.0, -0.0, 1e-06, 0.952892, -0.303312, 0.300002, 0.0, 0.303312, 0.952891, 0.0, 0.0, 0.0, 0.0, 1.0],
                [1.0, -3e-06, 1e-06, -0.0, 3e-06, 0.711762, -0.70242, 0.300003, 1e-06, 0.702421, 0.711762, -0.0, 0.0, 0.0, 0.0, 1.0],
                [1.0, -3e-06, 1e-06, -0.0, 3e-06, 0.641839, -0.766839, 0.300002, 1e-06, 0.76684, 0.641839, -0.0, 0.0, 0.0, 0.0, 1.0],
                [1.0, -3e-06, 1e-06, -0.0, 3e-06, 0.659154, -0.752008, 0.300003, 1e-06, 0.752009, 0.659154, 0.0, 0.0, 0.0, 0.0, 1.0],
                [1.0, 0.0, 0.0, 0.0, 0.0, 0.999999, -0.000993, 0.300002, -0.0, 0.000993, 0.999999, -0.0, 0.0, 0.0, 0.0, 1.0],
                [1.0, -0.0, 0.0, 0.0, -0.0, 1.0, -0.000998, 0.300003, -0.0, 0.000998, 1.0, 0.0, 0.0, 0.0, 0.0, 1.0],
                [1.0, -3e-06, 1e-06, -0.0, 3e-06, 0.690971, -0.722883, 0.300002, 1e-06, 0.722884, 0.69097, -0.0, 0.0, 0.0, 0.0, 1.0],
                [1.0, -3e-06, 1e-06, -0.0, 3e-06, 0.605142, -0.796117, 0.300002, 1e-06, 0.796118, 0.605142, -0.0, 0.0, 0.0, 0.0, 1.0],
                [1.0, -4e-06, 3e-06, -0.0, 4e-06, 0.064875, -0.997892, 0.300003, 3e-06, 0.997894, 0.064875, 0.0, 0.0, 0.0, 0.0, 1.0],
                [1.0, -3e-06, 2e-06, -0.0, 3e-06, 0.534862, -0.844939, 0.300003, 2e-06, 0.844941, 0.534862, -0.0, 0.0, 0.0, 0.0, 1.0],
                [1.0, -1e-06, 0.0, -0.0, 1e-06, 0.936471, -0.350745, 0.300002, 0.0, 0.350746, 0.936471, 0.0, 0.0, 0.0, 0.0, 1.0]
            ]
        },
        {
            "name": "Tool_R",
            "time": [0.0, 0.0833, 0.25, 0.3, 0.3333, 0.35, 0.4167, 0.6667, 0.8333, 1.1667, 1.3333],
            "transform": [
                [0.954339, 0.288655, -0.076907, 0.028505, 0.11042, -0.580088, -0.807035, 0.266603, -0.277567, 0.761694, -0.585474, -0.032027, 0.0, 0.0, 0.0, 1.0],
                [0.9537, 0.265331, -0.141614, 0.026115, 0.079604, -0.676756, -0.731892, 0.262069, -0.290032, 0.686733, -0.666544, -0.035452, 0.0, 0.0, 0.0, 1.0],
                [0.985833, -0.060293, -0.15652, 0.023329, -0.156369, -0.667971, -0.727574, 0.270234, -0.060683, 0.741741, -0.667936, -0.044641, 0.0, 0.0, 0.0, 1.0],
                [0.830452, -0.186561, -0.524922, 0.013499, -0.548925, -0.434748, -0.713915, 0.267905, -0.095021, 0.881017, -0.463446, -0.040225, 0.0, 0.0, 0.0, 1.0],
                [0.945791, 0.183321, -0.268089, 0.020965, 0.015728, -0.850349, -0.525985, 0.283264, -0.324393, 0.493255, -0.807136, -0.031526, 0.0, 0.0, 0.0, 1.0],
                [0.950339, 0.262486, -0.167201, 0.013672, 0.066363, -0.695813, -0.715151, 0.276061, -0.304057, 0.668541, -0.678678, -0.028066, 0.0, 0.0, 0.0, 1.0],
                [0.954794, 0.297241, 0.003777, -0.000386, 0.171554, -0.540598, -0.823604, 0.261017, -0.242767, 0.787021, -0.567154, -0.020939, 0.0, 0.0, 0.0, 1.0],
                [0.901933, 0.394279, -0.176238, 0.010824, 0.139999, -0.652964, -0.744337, 0.249862, -0.408553, 0.64667, -0.644129, -0.036968, 0.0, 0.0, 0.0, 1.0],
                [0.766965, 0.476992, -0.429236, -0.051426, 0.141015, -0.77785, -0.612425, 0.299207, -0.626003, 0.40918, -0.663847, -0.035777, 0.0, 0.0, 0.0, 1.0],
                [0.667828, 0.002905, -0.74431, -0.008272, -0.722191, -0.239472, -0.648917, 0.3355, -0.180126, 0.9709, -0.157828, 0.014688, 0.0, 0.0, 0.0, 1.0],
                [0.688253, 0.064717, -0.722578, -0.008269, -0.70387, -0.181663, -0.686706, 0.335503, -0.175707, 0.98123, -0.079478, 0.014689, 0.0, 0.0, 0.0, 1.0]
            ]
        },
        {
            "name": "Elbow_R",
            "time": [0.0, 1.3333],
            "transform": [
                [-1.0, 0.0, -0.0, -0.0, 0.0, 0.003946, -0.999992, 0.328077, -0.0, -0.999992, -0.003946, -0.001142, 0.0, 0.0, 0.0, 1.0],
                [-1.0, 0.0, 0.0, -0.0, 0.0, 0.003946, -0.999992, 0.332781, -0.0, -0.999992, -0.003946, -0.001123, 0.0, 0.0, 0.0, 1.0]
            ]
        },
        {
            "name": "Shoulder_L",
            "time": [0.0, 0.0833, 0.25, 0.3, 0.3333, 0.4167, 0.6667, 0.8333, 1.0, 1.1667, 1.3333],
            "transform": [
                [-0.0, -0.952114, -0.305743, -0.0, 0.0, -0.305743, 0.952114, 0.4, -1.0, 0.0, 0.0, 0.0, 0.0, 0.0, 0.0, 1.0],
                [-0.0, -0.952114, -0.305743, -0.0, 0.0, -0.305743, 0.952114, 0.4, -1.0, 0.0, 0.0, 0.0, 0.0, 0.0, 0.0, 1.0],
                [-0.0, -0.952114, -0.305743, -0.0, 0.0, -0.305743, 0.952114, 0.400001, -1.0, 0.0, 0.0, 0.0, 0.0, 0.0, 0.0, 1.0],
                [-0.0, -0.952114, -0.305743, -0.0, 0.0, -0.305743, 0.952114, 0.4, -1.0, 0.0, 0.0, 0.0, 0.0, 0.0, 0.0, 1.0],
                [0.0, -0.952114, -0.305743, -0.0, 0.0, -0.305743, 0.952114, 0.4, -0.999999, -0.0, 0.0, 0.0, 0.0, 0.0, 0.0, 1.0],
                [0.0, -0.952114, -0.305743, -0.0, 0.0, -0.305743, 0.952114, 0.4, -0.999999, 0.0, 0.0, 0.0, 0.0, 0.0, 0.0, 1.0],
                [0.0, -0.952114, -0.305743, -0.0, 0.0, -0.305743, 0.952114, 0.400001, -0.999999, 0.0, 0.0, 0.0, 0.0, 0.0, 0.0, 1.0],
                [-0.0, -0.952114, -0.305743, -0.0, 0.0, -0.305743, 0.952114, 0.400001, -0.999999, 0.0, 0.0, 0.0, 0.0, 0.0, 0.0, 1.0],
                [-0.0, -0.952114, -0.305743, -0.0, 0.0, -0.305743, 0.952114, 0.4, -1.0, 0.0, 0.0, 0.0, 0.0, 0.0, 0.0, 1.0],
                [-0.0, -0.952114, -0.305743, -0.0, 0.0, -0.305743, 0.952114, 0.4, -1.0, 0.0, 0.0, 0.0, 0.0, 0.0, 0.0, 1.0],
                [-0.0, -0.952114, -0.305743, -0.0, 0.0, -0.305743, 0.952114, 0.4, -1.0, 0.0, 0.0, 0.0, 0.0, 0.0, 0.0, 1.0]
            ]
        },
        {
            "name": "Arm_L",
            "time": [0.0, 0.0833, 0.25, 0.3, 0.3333, 0.4167, 0.6667, 0.8333, 1.0, 1.1667, 1.3333],
            "transform": [
                [0.197626, -0.139478, 0.970304, -0.0, -0.872873, 0.425441, 0.238938, 0.39386, -0.446134, -0.894172, -0.037667, 0.0, 0.0, 0.0, 0.0, 1.0],
                [0.029663, -0.043618, 0.998608, -0.0, -0.903456, 0.426264, 0.045455, 0.39386, -0.427655, -0.903546, -0.026762, -0.0, 0.0, 0.0, 0.0, 1.0],
                [-0.141915, -0.04706, 0.988759, -0.0, -0.89602, 0.430652, -0.108108, 0.39386, -0.420725, -0.901289, -0.103283, 0.0, 0.0, 0.0, 0.0, 1.0],
                [-0.12588, -0.073381, 0.989327, 0.0, -0.891683, 0.445459, -0.080415, 0.39386, -0.434805, -0.892289, -0.121507, 0.0, 0.0, 0.0, 0.0, 1.0],
                [-0.111821, -0.080558, 0.990458, -0.0, -0.888467, 0.454549, -0.063336, 0.39386, -0.44511, -0.88707, -0.1224, 0.0, 0.0, 0.0, 0.0, 1.0],
                [-0.407345, 0.221389, 0.886034, 0.0, -0.778571, 0.422946, -0.46362, 0.39386, -0.477385, -0.878694, 8.2e-05, 0.0, 0.0, 0.0, 0.0, 1.0],
                [-0.134887, -0.060299, 0.989025, -0.0, -0.88632, 0.453592, -0.093225, 0.39386, -0.442993, -0.889166, -0.114627, -0.0, 0.0, 0.0, 0.0, 1.0],
                [-0.180812, -0.011611, 0.983449, 0.0, -0.887994, 0.431799, -0.158164, 0.39386, -0.422817, -0.901894, -0.088384, -0.0, 0.0, 0.0, 0.0, 1.0],
                [-0.062043, -0.102432, 0.992803, -0.0, -0.909573, 0.415308, -0.013992, 0.39386, -0.410887, -0.903894, -0.118936, -0.0, 0.0, 0.0, 0.0, 1.0],
                [0.008167, -0.159033, 0.987239, -0.0, -0.911903, 0.403931, 0.072612, 0.39386, -0.410325, -0.900859, -0.141723, -0.0, 0.0, 0.0, 0.0, 1.0],
                [0.008167, -0.159033, 0.987239, -0.0, -0.911903, 0.403931, 0.072612, 0.39386, -0.410325, -0.900859, -0.141723, -0.0, 0.0, 0.0, 0.0, 1.0]
            ]
        },
        {
            "name": "Hand_L",
            "time": [0.0, 0.0833, 0.25, 0.3, 0.3333, 0.4167, 0.6667, 0.8333, 1.0, 1.1667, 1.3333],
            "transform": [
                [1.0, -0.0, 0.0, 0.0, 0.0, 0.980972, -0.194149, 0.300003, 0.0, 0.194149, 0.980972, 0.0, 0.0, 0.0, 0.0, 1.0],
                [1.0, -0.0, 0.0, -0.0, 0.0, 0.973979, -0.226639, 0.300003, -0.0, 0.22664, 0.973979, -0.0, 0.0, 0.0, 0.0, 1.0],
                [1.0, -0.0, 0.0, -0.0, 0.0, 0.968207, -0.250152, 0.300003, -0.0, 0.250152, 0.968206, -0.0, 0.0, 0.0, 0.0, 1.0],
                [1.0, -0.0, 0.0, 0.0, 0.0, 0.971287, -0.237913, 0.300003, -0.0, 0.237913, 0.971287, 0.0, 0.0, 0.0, 0.0, 1.0],
                [1.0, -0.0, 0.0, 0.0, 0.0, 0.976778, -0.214257, 0.300002, 0.0, 0.214257, 0.976777, -0.0, 0.0, 0.0, 0.0, 1.0],
                [1.0, -0.0, 0.0, 0.0, 0.0, 1.0, -0.000993, 0.300002, -0.0, 0.000993, 0.999999, -0.0, 0.0, 0.0, 0.0, 1.0],
                [1.0, -0.0, -0.0, 0.0, 0.0, 0.976773, -0.214278, 0.300003, 0.0, 0.214278, 0.976773, -0.0, 0.0, 0.0, 0.0, 1.0],
                [1.0, -0.0, -0.0, 0.0, 0.0, 0.974652, -0.223726, 0.300002, -0.0, 0.223726, 0.974652, 0.0, 0.0, 0.0, 0.0, 1.0],
                [1.0, -0.0, 0.0, -0.0, 0.0, 0.957612, -0.288062, 0.300003, -0.0, 0.288062, 0.957612, -0.0, 0.0, 0.0, 0.0, 1.0],
                [1.0, -0.0, 0.0, -0.0, 0.0, 0.955978, -0.293437, 0.300002, -0.0, 0.293437, 0.955978, 0.0, 0.0, 0.0, 0.0, 1.0],
                [1.0, -0.0, 0.0, -0.0, 0.0, 0.955978, -0.293437, 0.300002, -0.0, 0.293437, 0.955978, 0.0, 0.0, 0.0, 0.0, 1.0]
            ]
        },
        {
            "name": "Tool_L",
            "time": [0.0, 0.0833, 0.25, 0.3, 0.3333, 0.4167, 0.6667, 0.8333, 1.0, 1.1667, 1.3333],
            "transform": [
                [1.000001, -0.0, 0.0, -0.0, -0.0, -0.99956, -0.029689, 0.271711, 0.0, 0.029689, -0.999561, -0.028915, 0.0, 0.0, 0.0, 1.0],
                [1.000001, -0.0, 0.0, -0.0, 0.0, -0.99956, -0.029689, 0.271711, 0.0, 0.029689, -0.999561, -0.028915, 0.0, 0.0, 0.0, 1.0],
                [1.000001, 0.0, 0.0, -0.0, 0.0, -0.999561, -0.029689, 0.271711, 0.0, 0.029689, -0.999561, -0.028915, 0.0, 0.0, 0.0, 1.0],
                [1.000001, 0.0, 0.0, -0.0, 0.0, -0.99956, -0.029689, 0.271711, 0.0, 0.029689, -0.999561, -0.028915, 0.0, 0.0, 0.0, 1.0],
                [1.000001, 0.0, 0.0, -0.0, -0.0, -0.999561, -0.029689, 0.271711, 0.0, 0.029689, -0.999561, -0.028915, 0.0, 0.0, 0.0, 1.0],
                [1.000001, 0.0, 0.0, -0.0, 0.0, -0.99956, -0.029689, 0.271711, 0.0, 0.029689, -0.999561, -0.028915, 0.0, 0.0, 0.0, 1.0],
                [1.000001, 0.0, 0.0, -0.0, 0.0, -0.999561, -0.029689, 0.271711, 0.0, 0.029689, -0.99956, -0.028915, 0.0, 0.0, 0.0, 1.0],
                [1.000001, 0.0, 0.0, -0.0, 0.0, -0.999561, -0.029689, 0.271711, 0.0, 0.029689, -0.999561, -0.028915, 0.0, 0.0, 0.0, 1.0],
                [1.000001, -0.0, 0.0, -0.0, 0.0, -0.99956, -0.029689, 0.271711, 0.0, 0.029689, -0.99956, -0.028915, 0.0, 0.0, 0.0, 1.0],
                [1.000001, -0.0, 0.0, -0.0, 0.0, -0.99956, -0.029689, 0.271711, 0.0, 0.029689, -0.999561, -0.028915, 0.0, 0.0, 0.0, 1.0],
                [1.000001, -0.0, 0.0, -0.0, 0.0, -0.99956, -0.029689, 0.271711, 0.0, 0.029689, -0.999561, -0.028915, 0.0, 0.0, 0.0, 1.0]
            ]
        },
        {
            "name": "Elbow_L",
            "time": [0.0, 1.3333],
            "transform": [
                [-1.0, 0.0, -0.0, 0.0, 0.0, 0.003946, -0.999992, 0.317508, -0.0, -0.999993, -0.003946, -0.001183, 0.0, 0.0, 0.0, 1.0],
                [-1.0, 0.0, -0.0, -0.0, 0.0, 0.003946, -0.999992, 0.327107, -0.0, -0.999993, -0.003946, -0.001145, 0.0, 0.0, 0.0, 1.0]
            ]
        },
        {
            "name": "IK-Thigh_R",
            "time": [0.0, 0.0833, 0.25, 0.3, 0.3333, 0.4167, 0.6667, 0.8333, 1.0, 1.1667, 1.3333],
            "transform": [
                [1.0, -0.0, -0.0, 0.124994, -0.0, -0.999984, 0.005991, -0.002831, -0.0, -0.005991, -0.999982, -1.2e-05, 0.0, 0.0, 0.0, 1.0],
                [1.0, -0.0, -0.0, 0.124994, -0.0, -0.999984, 0.005986, -0.002831, -0.0, -0.005986, -0.999982, -1.2e-05, 0.0, 0.0, 0.0, 1.0],
                [1.0, -0.0, -0.0, 0.124994, -0.0, -0.999984, 0.005991, -0.002831, -0.0, -0.005991, -0.999982, -1.2e-05, 0.0, 0.0, 0.0, 1.0],
                [1.0, -0.0, -0.0, 0.124994, -0.0, -0.999984, 0.00599, -0.002831, -0.0, -0.00599, -0.999982, -1.2e-05, 0.0, 0.0, 0.0, 1.0],
                [1.0, -0.0, -0.0, 0.124994, -0.0, -0.999984, 0.005991, -0.002831, -0.0, -0.005991, -0.999982, -1.2e-05, 0.0, 0.0, 0.0, 1.0],
                [1.0, -0.0, -0.0, 0.124994, -0.0, -0.999984, 0.006013, -0.002831, -0.0, -0.006013, -0.999982, -1.2e-05, 0.0, 0.0, 0.0, 1.0],
                [1.0, -0.0, -0.0, 0.124994, -0.0, -0.999984, 0.006039, -0.002831, -0.0, -0.006039, -0.999982, -1.2e-05, 0.0, 0.0, 0.0, 1.0],
                [1.0, -0.0, -0.0, 0.124994, -0.0, -0.999984, 0.00599, -0.002831, -0.0, -0.00599, -0.999982, -1.2e-05, 0.0, 0.0, 0.0, 1.0],
                [1.0, -0.0, -0.0, 0.124994, -0.0, -0.999984, 0.006013, -0.002831, -0.0, -0.006013, -0.999982, -1.2e-05, 0.0, 0.0, 0.0, 1.0],
                [1.0, -0.0, -0.0, 0.124994, -0.0, -0.999984, 0.00599, -0.002831, -0.0, -0.00599, -0.999982, -1.2e-05, 0.0, 0.0, 0.0, 1.0],
                [1.0, -0.0, -0.0, 0.124994, -0.0, -0.999984, 0.005991, -0.002831, -0.0, -0.005991, -0.999982, -1.2e-05, 0.0, 0.0, 0.0, 1.0]
            ]
        },
        {
            "name": "IK-Leg_R",
            "time": [0.0, 1.3333],
            "transform": [
                [1.0, 0.0, 1e-06, 0.0, -0.0, 0.999928, 0.011977, 0.374726, -1e-06, -0.011977, 0.999928, -0.0, 0.0, 0.0, 0.0, 1.0],
                [1.0, 0.0, 1e-06, 0.0, -0.0, 0.999928, 0.011977, 0.374726, -1e-06, -0.011977, 0.999928, -0.0, 0.0, 0.0, 0.0, 1.0]
            ]
        },
        {
            "name": "IK-Thigh_L",
            "time": [0.0, 0.0833, 0.25, 0.3, 0.3333, 0.4167, 0.6667, 0.8333, 1.0, 1.1667, 1.3333],
            "transform": [
                [1.0, -0.0, -0.0, -0.125006, -0.0, -0.999983, 0.006013, -0.002831, -0.0, -0.006013, -0.999982, -1.2e-05, 0.0, 0.0, 0.0, 1.0],
                [1.0, -0.0, -0.0, -0.125006, -0.0, -0.999983, 0.006013, -0.002831, -0.0, -0.006013, -0.999982, -1.2e-05, 0.0, 0.0, 0.0, 1.0],
                [1.0, -0.0, -0.0, -0.125006, -0.0, -0.999983, 0.00605, -0.002831, -0.0, -0.00605, -0.999982, -1.2e-05, 0.0, 0.0, 0.0, 1.0],
                [1.0, -0.0, -0.0, -0.125006, -0.0, -0.999983, 0.00607, -0.002831, -0.0, -0.00607, -0.999982, -1.2e-05, 0.0, 0.0, 0.0, 1.0],
                [1.0, -0.0, -0.0, -0.125006, -0.0, -0.999983, 0.006087, -0.002831, -0.0, -0.006087, -0.999981, -1.2e-05, 0.0, 0.0, 0.0, 1.0],
                [1.0, -0.0, -0.0, -0.125006, -0.0, -0.999983, 0.006095, -0.002831, -0.0, -0.006095, -0.999981, -1.2e-05, 0.0, 0.0, 0.0, 1.0],
