{
    "armature": {
        "joints": ["Root", "Thigh_R", "Leg_R", "Knee_R", "Thigh_L", "Leg_L", "Knee_L", "Torso", "Chest", "Head", "Shoulder_R", "Arm_R", "Hand_R", "Tool_R", "Elbow_R", "Shoulder_L", "Arm_L", "Hand_L", "Tool_L", "Elbow_L", "IK-Thigh_R", "IK-Leg_R", "IK-Thigh_L"],
        "hierarchy": [
            {
                "name": "Root",
                "transform": [1.0, 0.0, 0.0, -5e-06, 0.0, 0.0, -1.0, 0.000946, 0.0, 1.0, 0.0, 0.763972, 0.0, 0.0, 0.0, 1.0],
                "children": [
                    {
                        "name": "Thigh_R",
                        "transform": [1.0, -0.0, -0.0, 0.124994, -0.0, -0.999984, 0.00567, -0.002831, -0.0, -0.00567, -0.999984, -1.2e-05, 0.0, 0.0, 0.0, 1.0],
                        "children": [
                            {
                                "name": "Leg_R",
                                "transform": [1.0, 0.0, 1e-06, -0.0, -0.0, 0.999936, 0.011335, 0.374726, -1e-06, -0.011335, 0.999936, 0.0, 0.0, 0.0, 0.0, 1.0],
                                "children": []
                            },
                            {
                                "name": "Knee_R",
                                "transform": [1.0, 0.0, -0.0, -0.0, -0.0, 0.00567, -0.999984, 0.374726, -0.0, 0.999984, 0.00567, 0.0, 0.0, 0.0, 0.0, 1.0],
                                "children": []
                            }
                        ]
                    },
                    {
                        "name": "Thigh_L",
                        "transform": [1.0, -0.0, -0.0, -0.125006, -0.0, -0.999984, 0.00567, -0.002831, -0.0, -0.00567, -0.999984, -1.2e-05, 0.0, 0.0, 0.0, 1.0],
                        "children": [
                            {
                                "name": "Leg_L",
                                "transform": [1.0, 0.0, 1e-06, -0.0, -0.0, 0.999936, 0.011335, 0.374726, -1e-06, -0.011335, 0.999936, -0.0, 0.0, 0.0, 0.0, 1.0],
                                "children": []
                            },
                            {
                                "name": "Knee_L",
                                "transform": [1.0, 0.0, -0.0, -0.0, -0.0, 0.00567, -0.999984, 0.374726, -0.0, 0.999984, 0.00567, -0.0, 0.0, 0.0, 0.0, 1.0],
                                "children": []
                            }
                        ]
                    },
                    {
                        "name": "Torso",
                        "transform": [1.0, 0.0, 0.0, 0.0, 0.0, 1.0, 0.0, 0.05, 0.0, 0.0, 1.0, 0.0, 0.0, 0.0, 0.0, 1.0],
                        "children": [
                            {
                                "name": "Chest",
                                "transform": [1.0, 0.0, 0.0, 0.0, 0.0, 1.0, 0.0, 0.3, 0.0, 0.0, 1.0, 0.0, 0.0, 0.0, 0.0, 1.0],
                                "children": [
                                    {
                                        "name": "Head",
                                        "transform": [1.0, 0.0, 0.0, 0.0, 0.0, 1.0, 0.0, 0.4, 0.0, 0.0, 1.0, 0.0, 0.0, 0.0, 0.0, 1.0],
                                        "children": []
                                    },
                                    {
                                        "name": "Shoulder_R",
                                        "transform": [0.0, 0.952114, 0.305743, 0.0, 0.0, -0.305743, 0.952114, 0.4, 1.0, 0.0, -0.0, 0.0, 0.0, 0.0, 0.0, 1.0],
                                        "children": [
                                            {
                                                "name": "Arm_R",
                                                "transform": [0.0, 0.003946, -0.999992, -0.0, 0.952114, 0.305741, 0.001207, 0.39386, 0.305743, -0.952107, -0.003757, 0.0, 0.0, 0.0, 0.0, 1.0],
                                                "children": [
                                                    {
                                                        "name": "Hand_R",
                                                        "transform": [1.0, -0.0, 0.0, 0.0, 0.0, 0.999963, -0.008633, 0.300003, -0.0, 0.008633, 0.999963, 0.0, 0.0, 0.0, 0.0, 1.0],
                                                        "children": [
                                                            {
                                                                "name": "Tool_R",
                                                                "transform": [1.0, -0.0, 0.0, 0.0, 0.0, -0.999559, -0.029689, 0.271711, 0.0, 0.029689, -0.999559, -0.028915, 0.0, 0.0, 0.0, 1.0],
                                                                "children": []
                                                            }
                                                        ]
                                                    },
                                                    {
                                                        "name": "Elbow_R",
                                                        "transform": [-1.0, 0.0, -0.0, 0.0, 0.0, 0.003946, -0.999992, 0.300008, -0.0, -0.999992, -0.003946, -0.001252, 0.0, 0.0, 0.0, 1.0],
                                                        "children": []
                                                    }
                                                ]
                                            }
                                        ]
                                    },
                                    {
                                        "name": "Shoulder_L",
                                        "transform": [-0.0, -0.952114, -0.305743, 0.0, 0.0, -0.305743, 0.952114, 0.4, -1.0, 0.0, 0.0, 0.0, 0.0, 0.0, 0.0, 1.0],
                                        "children": [
                                            {
                                                "name": "Arm_L",
                                                "transform": [-0.0, -0.003946, 0.999992, -0.0, -0.952114, 0.305741, 0.001206, 0.39386, -0.305743, -0.952106, -0.003757, 0.0, 0.0, 0.0, 0.0, 1.0],
                                                "children": [
                                                    {
                                                        "name": "Hand_L",
                                                        "transform": [1.0, -0.0, 0.0, -0.0, 0.0, 0.999963, -0.008633, 0.300003, -0.0, 0.008633, 0.999963, -0.0, 0.0, 0.0, 0.0, 1.0],
                                                        "children": [
                                                            {
                                                                "name": "Tool_L",
                                                                "transform": [1.0, -0.0, 0.0, -0.0, 0.0, -0.999559, -0.029689, 0.271711, 0.0, 0.029689, -0.999559, -0.028915, 0.0, 0.0, 0.0, 1.0],
                                                                "children": []
                                                            }
                                                        ]
                                                    },
                                                    {
                                                        "name": "Elbow_L",
                                                        "transform": [-1.0, 0.0, -0.0, -0.0, 0.0, 0.003946, -0.999992, 0.300008, -0.0, -0.999992, -0.003946, -0.001252, 0.0, 0.0, 0.0, 1.0],
                                                        "children": []
                                                    }
                                                ]
                                            }
                                        ]
                                    }
                                ]
                            }
                        ]
                    },
                    {
                        "name": "IK-Thigh_R",
                        "transform": [1.0, -0.0, -0.0, 0.124994, -0.0, -0.999984, 0.00567, -0.002831, -0.0, -0.00567, -0.999984, -1.2e-05, 0.0, 0.0, 0.0, 1.0],
                        "children": [
                            {
                                "name": "IK-Leg_R",
                                "transform": [1.0, 0.0, 1e-06, -0.0, -0.0, 0.999936, 0.011335, 0.374726, -1e-06, -0.011335, 0.999936, 0.0, 0.0, 0.0, 0.0, 1.0],
                                "children": []
                            }
                        ]
                    },
                    {
                        "name": "IK-Thigh_L",
                        "transform": [1.0, -0.0, -0.0, -0.125006, -0.0, -0.999984, 0.00567, -0.002831, -0.0, -0.00567, -0.999984, -1.2e-05, 0.0, 0.0, 0.0, 1.0],
                        "children": []
                    }
                ]
            },
            {},
            {},
            {},
            {},
            {},
            {},
            {},
            {}
        ]
    },
    "animation": [
        {
            "name": "Root",
            "time": [0.0, 0.05, 0.1, 0.15, 0.1667, 0.2, 0.4167],
            "transform": [
                [1.0, 0.0, 0.0, -5e-06, 0.0, 0.0, -1.0, 0.000946, 0.0, 1.0, 0.0, 0.763972, 0.0, 0.0, 0.0, 1.0],
                [1.0, 0.0, 0.0, -5e-06, 0.0, 0.0, -1.0, 0.000946, 0.0, 1.0, 0.0, 0.763972, 0.0, 0.0, 0.0, 1.0],
                [1.0, 0.0, 0.0, -5e-06, 0.0, 0.0, -1.0, 0.000946, 0.0, 1.0, 0.0, 0.763972, 0.0, 0.0, 0.0, 1.0],
                [1.0, 0.0, 0.0, -5e-06, 0.0, 0.0, -1.0, 0.000946, 0.0, 1.0, 0.0, 0.763972, 0.0, 0.0, 0.0, 1.0],
                [1.0, 0.0, 0.0, -5e-06, 0.0, 0.0, -1.0, 0.000946, 0.0, 1.0, 0.0, 0.763972, 0.0, 0.0, 0.0, 1.0],
                [1.0, 0.0, 0.0, -5e-06, 0.0, 0.0, -1.0, 0.000946, 0.0, 1.0, 0.0, 0.763972, 0.0, 0.0, 0.0, 1.0],
                [1.0, 0.0, 0.0, -5e-06, 0.0, 0.0, -1.0, 0.000946, 0.0, 1.0, 0.0, 0.763972, 0.0, 0.0, 0.0, 1.0]
            ]
        },
        {
            "name": "Thigh_R",
            "time": [0.0, 0.05, 0.1, 0.15, 0.1667, 0.2, 0.4167],
            "transform": [
                [1.0, -0.0, -0.0, 0.124994, -0.0, -0.999984, 0.005962, -0.002831, -0.0, -0.005962, -0.999982, -1.2e-05, 0.0, 0.0, 0.0, 1.0],
                [1.0, -0.0, -0.0, 0.124994, -0.0, -0.999984, 0.005966, -0.002831, -0.0, -0.005966, -0.999982, -1.2e-05, 0.0, 0.0, 0.0, 1.0],
                [1.0, -0.0, -0.0, 0.124994, -0.0, -0.999984, 0.005962, -0.002831, -0.0, -0.005962, -0.999982, -1.2e-05, 0.0, 0.0, 0.0, 1.0],
                [1.0, -0.0, -0.0, 0.124994, -0.0, -0.999984, 0.005952, -0.002831, -0.0, -0.005952, -0.999982, -1.2e-05, 0.0, 0.0, 0.0, 1.0],
                [1.0, -0.0, -0.0, 0.124994, -0.0, -0.999984, 0.005983, -0.002831, -0.0, -0.005983, -0.999982, -1.2e-05, 0.0, 0.0, 0.0, 1.0],
                [1.0, -0.0, -0.0, 0.124994, -0.0, -0.999984, 0.006034, -0.002831, -0.0, -0.006034, -0.999982, -1.2e-05, 0.0, 0.0, 0.0, 1.0],
                [1.0, -0.0, -0.0, 0.124994, -0.0, -0.999984, 0.005983, -0.002831, -0.0, -0.005983, -0.999982, -1.2e-05, 0.0, 0.0, 0.0, 1.0]
            ]
        },
        {
            "name": "Leg_R",
            "time": [0.0, 0.05, 0.1, 0.15, 0.1667, 0.2, 0.4167],
            "transform": [
                [1.0, 0.0, 1e-06, 0.0, -0.0, 0.999929, 0.011919, 0.374726, -1e-06, -0.011919, 0.999929, -0.0, 0.0, 0.0, 0.0, 1.0],
                [1.0, 0.0, 1e-06, 0.0, -0.0, 0.999929, 0.011927, 0.374726, -1e-06, -0.011927, 0.999929, 0.0, 0.0, 0.0, 0.0, 1.0],
                [1.0, 0.0, 1e-06, 0.0, -0.0, 0.999929, 0.011919, 0.374726, -1e-06, -0.011919, 0.999929, -0.0, 0.0, 0.0, 0.0, 1.0],
                [1.0, 0.0, 1e-06, 0.0, -0.0, 0.999929, 0.011898, 0.374726, -1e-06, -0.011898, 0.999929, 0.0, 0.0, 0.0, 0.0, 1.0],
                [1.0, 0.0, 1e-06, 0.0, -0.0, 0.999928, 0.011961, 0.374726, -1e-06, -0.011961, 0.999928, -0.0, 0.0, 0.0, 0.0, 1.0],
                [1.0, 0.0, 1e-06, -0.0, -0.0, 0.999927, 0.012063, 0.374726, -1e-06, -0.012063, 0.999927, -0.0, 0.0, 0.0, 0.0, 1.0],
                [1.0, 0.0, 1e-06, 0.0, -0.0, 0.999928, 0.011961, 0.374726, -1e-06, -0.011961, 0.999928, -0.0, 0.0, 0.0, 0.0, 1.0]
            ]
        },
        {
            "name": "Knee_R",
            "time": [0.0, 0.4167],
            "transform": [
                [1.0, 0.0, -0.0, 0.0, -0.0, 0.00567, -0.999984, 0.374726, -0.0, 0.999984, 0.00567, -0.0, 0.0, 0.0, 0.0, 1.0],
                [1.0, 0.0, -0.0, -0.0, -0.0, 0.00567, -0.999984, 0.374726, -0.0, 0.999984, 0.00567, -0.0, 0.0, 0.0, 0.0, 1.0]
            ]
        },
        {
            "name": "Thigh_L",
            "time": [0.0, 0.05, 0.1, 0.15, 0.1667, 0.2, 0.4167],
            "transform": [
                [1.0, -0.0, -0.0, -0.125006, -0.0, -0.999984, 0.005958, -0.002831, -0.0, -0.005958, -0.999982, -1.2e-05, 0.0, 0.0, 0.0, 1.0],
                [1.0, -0.0, -0.0, -0.125006, -0.0, -0.999984, 0.00593, -0.002831, -0.0, -0.00593, -0.999982, -1.2e-05, 0.0, 0.0, 0.0, 1.0],
                [1.0, -0.0, -0.0, -0.125006, -0.0, -0.999984, 0.005958, -0.002831, -0.0, -0.005958, -0.999982, -1.2e-05, 0.0, 0.0, 0.0, 1.0],
                [1.0, -0.0, -0.0, -0.125006, -0.0, -0.999984, 0.006025, -0.002831, -0.0, -0.006025, -0.999982, -1.2e-05, 0.0, 0.0, 0.0, 1.0],
                [1.0, -0.0, -0.0, -0.125006, -0.0, -0.999984, 0.006043, -0.002831, -0.0, -0.006043, -0.999982, -1.2e-05, 0.0, 0.0, 0.0, 1.0],
                [1.0, -0.0, -0.0, -0.125006, -0.0, -0.999983, 0.006095, -0.002831, -0.0, -0.006095, -0.999981, -1.2e-05, 0.0, 0.0, 0.0, 1.0],
                [1.0, -0.0, -0.0, -0.125006, -0.0, -0.999984, 0.006043, -0.002831, -0.0, -0.006043, -0.999982, -1.2e-05, 0.0, 0.0, 0.0, 1.0]
            ]
        },
        {
            "name": "Leg_L",
            "time": [0.0, 0.05, 0.1, 0.15, 0.1667, 0.2, 0.4167],
            "transform": [
                [1.0, 0.0, 1e-06, -0.0, -0.0, 0.999929, 0.011912, 0.374726, -1e-06, -0.011912, 0.999929, 0.0, 0.0, 0.0, 0.0, 1.0],
                [1.0, 0.0, 1e-06, -0.0, -0.0, 0.99993, 0.011854, 0.374726, -1e-06, -0.011854, 0.99993, 0.0, 0.0, 0.0, 0.0, 1.0],
                [1.0, 0.0, 1e-06, -0.0, -0.0, 0.999929, 0.011912, 0.374726, -1e-06, -0.011912, 0.999929, 0.0, 0.0, 0.0, 0.0, 1.0],
                [1.0, 0.0, 1e-06, -0.0, -0.0, 0.999928, 0.012044, 0.374726, -1e-06, -0.012044, 0.999928, 0.0, 0.0, 0.0, 0.0, 1.0],
                [1.0, 0.0, 1e-06, -0.0, -0.0, 0.999927, 0.012081, 0.374726, -1e-06, -0.012081, 0.999927, 0.0, 0.0, 0.0, 0.0, 1.0],
                [1.0, 0.0, 1e-06, -0.0, -0.0, 0.999926, 0.012185, 0.374726, -1e-06, -0.012185, 0.999926, 0.0, 0.0, 0.0, 0.0, 1.0],
                [1.0, 0.0, 1e-06, -0.0, -0.0, 0.999927, 0.012081, 0.374726, -1e-06, -0.012081, 0.999927, 0.0, 0.0, 0.0, 0.0, 1.0]
            ]
        },
        {
            "name": "Knee_L",
            "time": [0.0, 0.4167],
            "transform": [
                [1.0, 0.0, -0.0, -0.0, -0.0, 0.00567, -0.999984, 0.374726, -0.0, 0.999984, 0.00567, 0.0, 0.0, 0.0, 0.0, 1.0],
                [1.0, 0.0, -0.0, -0.0, -0.0, 0.00567, -0.999984, 0.374726, -0.0, 0.999984, 0.00567, 0.0, 0.0, 0.0, 0.0, 1.0]
            ]
        },
        {
            "name": "Torso",
            "time": [0.0, 0.05, 0.1, 0.15, 0.1667, 0.2, 0.4167],
            "transform": [
                [0.980461, 0.0, -0.196712, 0.0, 0.0, 1.0, 0.0, 0.05, 0.196712, 0.0, 0.980461, 0.0, 0.0, 0.0, 0.0, 1.0],
                [1.0, 0.0, 0.0, 0.0, 0.0, 1.0, 0.0, 0.05, 0.0, 0.0, 1.0, 0.0, 0.0, 0.0, 0.0, 1.0],
                [1.0, 0.0, 0.0, 0.0, 0.0, 1.0, 0.0, 0.05, 0.0, 0.0, 1.0, 0.0, 0.0, 0.0, 0.0, 1.0],
                [1.0, 0.0, 0.0, 0.0, 0.0, 1.0, 0.0, 0.05, 0.0, 0.0, 1.0, 0.0, 0.0, 0.0, 0.0, 1.0],
                [0.986247, 0.0, 0.16528, 0.0, 0.0, 1.0, 0.0, 0.05, -0.16528, 0.0, 0.986247, 0.0, 0.0, 0.0, 0.0, 1.0],
                [0.986247, 0.0, 0.16528, 0.0, 0.0, 1.0, 0.0, 0.05, -0.16528, 0.0, 0.986247, 0.0, 0.0, 0.0, 0.0, 1.0],
                [0.986247, 0.0, 0.16528, 0.0, 0.0, 1.0, 0.0, 0.05, -0.16528, 0.0, 0.986247, 0.0, 0.0, 0.0, 0.0, 1.0]
            ]
        },
        {
            "name": "Chest",
            "time": [0.0, 0.05, 0.1, 0.15, 0.1667, 0.2, 0.4167],
            "transform": [
                [0.893132, 0.042881, -0.447745, 0.0, -0.133318, 0.975952, -0.172466, 0.3, 0.429582, 0.213728, 0.877371, -0.0, 0.0, 0.0, 0.0, 1.0],
                [0.972774, -0.136719, -0.187133, 0.0, 0.143635, 0.989343, 0.023842, 0.3, 0.181879, -0.050072, 0.982045, 0.0, 0.0, 0.0, 0.0, 1.0],
                [0.980481, -0.192733, 0.038877, 0.0, 0.178807, 0.956302, 0.231333, 0.3, -0.081763, -0.219866, 0.972098, 0.0, 0.0, 0.0, 0.0, 1.0],
                [0.956999, -0.223754, 0.184625, 0.0, 0.148133, 0.924144, 0.352158, 0.3, -0.249417, -0.309666, 0.91755, 0.0, 0.0, 0.0, 0.0, 1.0],
                [0.942397, -0.211233, 0.259362, -0.0, 0.104629, 0.922622, 0.371242, 0.3, -0.317711, -0.322721, 0.891578, -0.0, 0.0, 0.0, 0.0, 1.0],
                [0.942397, -0.211233, 0.259362, -0.0, 0.104629, 0.922623, 0.371242, 0.3, -0.317711, -0.322721, 0.891578, -0.0, 0.0, 0.0, 0.0, 1.0],
                [0.942397, -0.211233, 0.259362, -0.0, 0.104629, 0.922622, 0.371242, 0.3, -0.317711, -0.322721, 0.891578, -0.0, 0.0, 0.0, 0.0, 1.0]
            ]
        },
        {
            "name": "Head",
            "time": [0.0, 0.05, 0.1, 0.15, 0.1667, 0.2, 0.4167],
            "transform": [
                [0.791178, -0.133318, 0.596878, -0.0, 0.0, 0.975952, 0.217987, 0.4, -0.611586, -0.172466, 0.772151, 0.0, 0.0, 0.0, 0.0, 1.0],
                [0.972774, 0.143634, 0.181879, 0.0, -0.136719, 0.989343, -0.050072, 0.4, -0.187133, 0.023842, 0.982045, 0.0, 0.0, 0.0, 0.0, 1.0],
                [0.980481, 0.178807, -0.081763, 0.0, -0.192733, 0.956302, -0.219866, 0.4, 0.038877, 0.231333, 0.972098, -0.0, 0.0, 0.0, 0.0, 1.0],
                [0.957, 0.148133, -0.249417, -0.0, -0.223754, 0.924144, -0.309666, 0.4, 0.184625, 0.352158, 0.91755, -0.0, 0.0, 0.0, 0.0, 1.0],
                [0.876925, 0.104629, -0.469101, 0.0, -0.261667, 0.922622, -0.28337, 0.4, 0.403155, 0.371242, 0.836448, 0.0, 0.0, 0.0, 0.0, 1.0],
                [0.876925, 0.104629, -0.469101, -0.0, -0.261667, 0.922622, -0.28337, 0.4, 0.403155, 0.371242, 0.836448, 0.0, 0.0, 0.0, 0.0, 1.0],
                [0.876925, 0.104629, -0.469101, 0.0, -0.261667, 0.922622, -0.28337, 0.4, 0.403155, 0.371242, 0.836448, 0.0, 0.0, 0.0, 0.0, 1.0]
            ]
        },
        {
            "name": "Shoulder_R",
            "time": [0.0, 0.05, 0.1, 0.15, 0.1667, 0.2, 0.4167],
            "transform": [
                [0.0, 0.952114, 0.305743, 0.0, 0.0, -0.305743, 0.952114, 0.4, 1.0, 0.0, -0.0, -0.0, 0.0, 0.0, 0.0, 1.0],
                [0.0, 0.952114, 0.305743, 0.0, 0.0, -0.305743, 0.952114, 0.4, 1.0, 0.0, -0.0, 0.0, 0.0, 0.0, 0.0, 1.0],
                [0.0, 0.952114, 0.305743, 0.0, 0.0, -0.305743, 0.952114, 0.4, 1.0, 0.0, -0.0, 0.0, 0.0, 0.0, 0.0, 1.0],
                [0.0, 0.952114, 0.305743, -0.0, 0.0, -0.305743, 0.952114, 0.4, 1.0, 0.0, -0.0, 0.0, 0.0, 0.0, 0.0, 1.0],
                [0.0, 0.952114, 0.305743, -0.0, 0.0, -0.305743, 0.952114, 0.4, 1.0, 0.0, -0.0, 0.0, 0.0, 0.0, 0.0, 1.0],
                [0.0, 0.952114, 0.305743, -0.0, 0.0, -0.305743, 0.952114, 0.4, 1.0, 0.0, -0.0, 0.0, 0.0, 0.0, 0.0, 1.0],
                [0.0, 0.952114, 0.305743, -0.0, 0.0, -0.305743, 0.952114, 0.4, 1.0, 0.0, -0.0, 0.0, 0.0, 0.0, 0.0, 1.0]
            ]
        },
        {
            "name": "Arm_R",
            "time": [0.0, 0.05, 0.1, 0.15, 0.1667, 0.2, 0.4167],
            "transform": [
                [-0.187827, 0.340328, -0.921357, -0.0, 0.324916, 0.906769, 0.268702, 0.39386, 0.926904, -0.248894, -0.280894, 0.0, 0.0, 0.0, 0.0, 1.0],
                [0.4478, 0.512314, -0.73281, 0.0, 0.56567, 0.472391, 0.675918, 0.39386, 0.692454, -0.717205, -0.078264, 0.0, 0.0, 0.0, 0.0, 1.0],
                [0.53548, 0.401566, -0.742972, 0.0, 0.601537, 0.436146, 0.669276, 0.39386, 0.592802, -0.805308, -0.008009, 0.0, 0.0, 0.0, 0.0, 1.0],
                [0.572661, -0.034604, -0.819062, 0.0, 0.635596, 0.649755, 0.416937, 0.39386, 0.517761, -0.759356, 0.394084, -0.0, 0.0, 0.0, 0.0, 1.0],
                [0.608723, -0.750536, -0.257199, 0.0, 0.661538, 0.659114, -0.35768, 0.39386, 0.437975, 0.047582, 0.897727, 0.0, 0.0, 0.0, 0.0, 1.0],
                [0.600453, -0.779539, -0.178256, 0.0, 0.674523, 0.613475, -0.410692, 0.39386, 0.429506, 0.126363, 0.89418, -0.0, 0.0, 0.0, 0.0, 1.0],
                [0.608723, -0.750536, -0.257199, 0.0, 0.661538, 0.659114, -0.35768, 0.39386, 0.437975, 0.047582, 0.897727, 0.0, 0.0, 0.0, 0.0, 1.0]
            ]
        },
        {
            "name": "Hand_R",
            "time": [0.0, 0.05, 0.1, 0.15, 0.1667, 0.2, 0.4167],
            "transform": [
                [1.0, -4e-06, 3e-06, 0.0, 4e-06, 0.065649, -0.997843, 0.300003, 3e-06, 0.997843, 0.065649, 0.0, 0.0, 0.0, 0.0, 1.0],
                [1.0, -3e-06, 2e-06, 0.0, 3e-06, 0.440141, -0.897928, 0.300002, 2e-06, 0.897928, 0.440141, -0.0, 0.0, 0.0, 0.0, 1.0],
                [0.999999, -5e-06, 3e-06, -0.0, 5e-06, 0.473881, -0.880589, 0.300003, 3e-06, 0.880588, 0.473881, 0.0, 0.0, 0.0, 0.0, 1.0],
                [1.0, -3e-06, 2e-06, 0.0, 3e-06, 0.548085, -0.836423, 0.300003, 2e-06, 0.836422, 0.548086, -0.0, 0.0, 0.0, 0.0, 1.0],
                [1.0, -0.0, 0.0, -0.0, 0.0, 0.997798, -0.066325, 0.300003, 0.0, 0.066325, 0.997798, -0.0, 0.0, 0.0, 0.0, 1.0],
                [1.0, -0.0, 0.0, -0.0, -0.0, 0.999999, -0.000999, 0.300003, 0.0, 0.000999, 0.999999, 0.0, 0.0, 0.0, 0.0, 1.0],
                [1.0, -0.0, 0.0, -0.0, 0.0, 0.997798, -0.066325, 0.300003, 0.0, 0.066325, 0.997798, -0.0, 0.0, 0.0, 0.0, 1.0]
            ]
        },
        {
            "name": "Tool_R",
            "time": [0.0, 0.05, 0.1, 0.15, 0.1667, 0.2, 0.4167],
            "transform": [
                [0.48413, 0.80313, 0.347276, 0.0, 0.805332, -0.253799, -0.535749, 0.271711, -0.342137, 0.539045, -0.769658, -0.028915, 0.0, 0.0, 0.0, 1.0],
                [0.470208, 0.704807, 0.53118, -0.0, 0.86715, -0.480915, -0.129501, 0.271711, 0.164179, 0.521506, -0.837304, -0.028915, 0.0, 0.0, 0.0, 1.0],
                [0.593735, 0.717391, 0.36446, -0.0, 0.803647, -0.5514, -0.223853, 0.271711, 0.040373, 0.425806, -0.903914, -0.028915, 0.0, 0.0, 0.0, 1.0],
                [0.692479, 0.678468, 0.245264, 0.0, 0.657786, -0.454151, -0.600887, 0.271711, -0.296295, 0.577432, -0.760777, -0.028915, 0.0, 0.0, 0.0, 1.0],
                [0.804069, 0.583576, 0.113637, 0.0, 0.391847, -0.376428, -0.839499, 0.271711, -0.447135, 0.719542, -0.531347, -0.028915, 0.0, 0.0, 0.0, 1.0],
                [0.814238, 0.570393, 0.108024, 0.0, 0.367835, -0.362948, -0.856135, 0.271711, -0.449125, 0.736832, -0.505336, -0.028915, 0.0, 0.0, 0.0, 1.0],
                [0.804069, 0.583576, 0.113637, 0.0, 0.391847, -0.376428, -0.839499, 0.271711, -0.447135, 0.719542, -0.531347, -0.028915, 0.0, 0.0, 0.0, 1.0]
            ]
        },
        {
            "name": "Elbow_R",
            "time": [0.0, 0.4167],
            "transform": [
                [-1.0, 0.0, 0.0, 0.0, -0.0, 0.003946, -0.999992, 0.440241, -0.0, -0.999993, -0.003946, -0.000699, 0.0, 0.0, 0.0, 1.0],
                [-1.0, 0.0, -0.0, -0.0, 0.0, 0.003946, -0.999992, 0.305418, -0.0, -0.999992, -0.003946, -0.001231, 0.0, 0.0, 0.0, 1.0]
            ]
        },
        {
            "name": "Shoulder_L",
            "time": [0.0, 0.05, 0.1, 0.15, 0.1667, 0.2, 0.4167],
            "transform": [
                [0.0, -0.952114, -0.305743, -0.0, 0.0, -0.305743, 0.952114, 0.4, -1.0, -0.0, 0.0, -0.0, 0.0, 0.0, 0.0, 1.0],
                [0.0, -0.952114, -0.305743, -0.0, 0.0, -0.305743, 0.952114, 0.4, -1.0, -0.0, 0.0, 0.0, 0.0, 0.0, 0.0, 1.0],
                [0.0, -0.952114, -0.305743, -0.0, 0.0, -0.305743, 0.952114, 0.4, -1.0, -0.0, 0.0, -0.0, 0.0, 0.0, 0.0, 1.0],
                [0.0, -0.952114, -0.305743, -0.0, 0.0, -0.305743, 0.952114, 0.4, -1.0, -0.0, 0.0, -0.0, 0.0, 0.0, 0.0, 1.0],
                [-0.0, -0.952114, -0.305743, -0.0, 0.0, -0.305743, 0.952114, 0.4, -1.0, -0.0, 0.0, -0.0, 0.0, 0.0, 0.0, 1.0],
                [0.0, -0.952114, -0.305743, -0.0, 0.0, -0.305743, 0.952114, 0.4, -1.0, -0.0, 0.0, -0.0, 0.0, 0.0, 0.0, 1.0],
                [-0.0, -0.952114, -0.305743, -0.0, 0.0, -0.305743, 0.952114, 0.4, -1.0, -0.0, 0.0, -0.0, 0.0, 0.0, 0.0, 1.0]
            ]
        },
        {
            "name": "Arm_L",
            "time": [0.0, 0.05, 0.1, 0.15, 0.1667, 0.2, 0.4167],
            "transform": [
                [-0.478309, 0.678645, 0.55737, 0.0, 0.06246, 0.659361, -0.749227, 0.39386, -0.875968, -0.323548, -0.357766, -0.0, 0.0, 0.0, 0.0, 1.0],
                [-0.422181, 0.603539, 0.676389, -0.0, -0.114981, 0.704468, -0.70036, 0.39386, -0.899189, -0.37345, -0.228018, 0.0, 0.0, 0.0, 0.0, 1.0],
                [-0.071007, 0.130469, 0.988906, -0.0, -0.480234, 0.864472, -0.148535, 0.39386, -0.874262, -0.485453, 0.001273, 0.0, 0.0, 0.0, 0.0, 1.0],
                [-0.413515, -0.23317, 0.880135, 0.0, -0.307593, 0.945595, 0.105995, 0.39386, -0.856967, -0.226892, -0.462739, 0.0, 0.0, 0.0, 0.0, 1.0],
                [-0.326683, -0.142183, 0.934378, 0.0, -0.40728, 0.913297, -0.003421, 0.39386, -0.852878, -0.381671, -0.356267, 0.0, 0.0, 0.0, 0.0, 1.0],
                [-0.326684, -0.142183, 0.934378, 0.0, -0.407282, 0.913296, -0.003422, 0.39386, -0.852877, -0.381672, -0.356267, 0.0, 0.0, 0.0, 0.0, 1.0],
                [-0.326683, -0.142183, 0.934378, 0.0, -0.40728, 0.913297, -0.003421, 0.39386, -0.852878, -0.381671, -0.356267, 0.0, 0.0, 0.0, 0.0, 1.0]
            ]
        },
        {
            "name": "Hand_L",
            "time": [0.0, 0.05, 0.1, 0.15, 0.1667, 0.2, 0.4167],
            "transform": [
                [1.0, 0.0, 0.0, 0.0, -0.0, 0.374627, -0.927175, 0.300002, 0.0, 0.927176, 0.374627, 0.0, 0.0, 0.0, 0.0, 1.0],
                [1.0, -2e-06, 1e-06, -0.0, 2e-06, 0.221688, -0.975118, 0.300003, 1e-06, 0.975117, 0.221688, -0.0, 0.0, 0.0, 0.0, 1.0],
                [1.0, -3e-06, 3e-06, -0.0, 3e-06, 0.176623, -0.984279, 0.300003, 3e-06, 0.984279, 0.176623, 0.0, 0.0, 0.0, 0.0, 1.0],
                [1.0, -2e-06, 1e-06, -0.0, 2e-06, 0.256068, -0.966659, 0.300003, 1e-06, 0.966659, 0.256068, -0.0, 0.0, 0.0, 0.0, 1.0],
                [1.0, 1e-06, -1e-06, -0.0, -1e-06, 0.399192, -0.916867, 0.300003, -1e-06, 0.916867, 0.399192, -0.0, 0.0, 0.0, 0.0, 1.0],
                [1.0, -2e-06, 1e-06, 0.0, 2e-06, 0.399194, -0.916866, 0.300003, 1e-06, 0.916867, 0.399194, 0.0, 0.0, 0.0, 0.0, 1.0],
                [1.0, 1e-06, -1e-06, -0.0, -1e-06, 0.399192, -0.916867, 0.300003, -1e-06, 0.916867, 0.399192, -0.0, 0.0, 0.0, 0.0, 1.0]
            ]
        },
        {
            "name": "Tool_L",
            "time": [0.0, 0.05, 0.1, 0.15, 0.1667, 0.2, 0.4167],
            "transform": [
                [1.0, 0.0, -0.0, 0.0, -0.0, 0.990416, 0.138121, 0.271711, 0.0, -0.138121, 0.990417, -0.028915, 0.0, 0.0, 0.0, 1.0],
                [1.0, 0.0, -0.0, 0.0, 0.0, 0.990416, 0.138121, 0.271711, 0.0, -0.138121, 0.990417, -0.028915, 0.0, 0.0, 0.0, 1.0],
                [1.0, 0.0, -0.0, 0.0, -0.0, 0.990416, 0.138121, 0.271711, 0.0, -0.138121, 0.990416, -0.028915, 0.0, 0.0, 0.0, 1.0],
                [1.0, 0.0, -0.0, 0.0, 0.0, 0.990416, 0.138121, 0.271711, 0.0, -0.138121, 0.990417, -0.028915, 0.0, 0.0, 0.0, 1.0],
                [1.0, 0.0, -0.0, 0.0, 0.0, 0.990416, 0.138121, 0.271711, 0.0, -0.138121, 0.990417, -0.028915, 0.0, 0.0, 0.0, 1.0],
                [1.0, 0.0, -0.0, 0.0, -0.0, 0.990417, 0.138121, 0.271711, 0.0, -0.138121, 0.990417, -0.028915, 0.0, 0.0, 0.0, 1.0],
                [1.0, 0.0, -0.0, 0.0, 0.0, 0.990416, 0.138121, 0.271711, 0.0, -0.138121, 0.990417, -0.028915, 0.0, 0.0, 0.0, 1.0]
            ]
        },
        {
            "name": "Elbow_L",
            "time": [0.0, 0.4167],
            "transform": [
                [-1.0, 0.0, -0.0, 0.0, 0.0, 0.003946, -0.999992, 0.410413, -0.0, -0.999993, -0.003946, -0.000817, 0.0, 0.0, 0.0, 1.0],
                [-1.0, 0.0, -0.0, 0.0, 0.0, 0.003946, -0.999992, 0.407917, -0.0, -0.999992, -0.003946, -0.000827, 0.0, 0.0, 0.0, 1.0]
            ]
        },
        {
            "name": "IK-Thigh_R",
            "time": [0.0, 0.05, 0.1, 0.15, 0.1667, 0.2, 0.4167],
            "transform": [
                [1.0, -0.0, -0.0, 0.124994, -0.0, -0.999984, 0.005962, -0.002831, -0.0, -0.005962, -0.999982, -1.2e-05, 0.0, 0.0, 0.0, 1.0],
                [1.0, -0.0, -0.0, 0.124994, -0.0, -0.999984, 0.005966, -0.002831, -0.0, -0.005966, -0.999982, -1.2e-05, 0.0, 0.0, 0.0, 1.0],
                [1.0, -0.0, -0.0, 0.124994, -0.0, -0.999984, 0.005962, -0.002831, -0.0, -0.005962, -0.999982, -1.2e-05, 0.0, 0.0, 0.0, 1.0],
                [1.0, -0.0, -0.0, 0.124994, -0.0, -0.999984, 0.005952, -0.002831, -0.0, -0.005952, -0.999982, -1.2e-05, 0.0, 0.0, 0.0, 1.0],
                [1.0, -0.0, -0.0, 0.124994, -0.0, -0.999984, 0.005983, -0.002831, -0.0, -0.005983, -0.999982, -1.2e-05, 0.0, 0.0, 0.0, 1.0],
                [1.0, -0.0, -0.0, 0.124994, -0.0, -0.999984, 0.006034, -0.002831, -0.0, -0.006034, -0.999982, -1.2e-05, 0.0, 0.0, 0.0, 1.0],
                [1.0, -0.0, -0.0, 0.124994, -0.0, -0.999984, 0.005983, -0.002831, -0.0, -0.005983, -0.999982, -1.2e-05, 0.0, 0.0, 0.0, 1.0]
            ]
        },
        {
            "name": "IK-Leg_R",
            "time": [0.0, 0.4167],
            "transform": [
                [1.0, 0.0, 1e-06, 0.0, -0.0, 0.999929, 0.011919, 0.374726, -1e-06, -0.011919, 0.999929, -0.0, 0.0, 0.0, 0.0, 1.0],
                [1.0, 0.0, 1e-06, 0.0, -0.0, 0.999928, 0.011961, 0.374726, -1e-06, -0.011961, 0.999928, -0.0, 0.0, 0.0, 0.0, 1.0]
            ]
        },
        {
            "name": "IK-Thigh_L",
            "time": [0.0, 0.05, 0.1, 0.15, 0.1667, 0.2, 0.4167],
            "transform": [
                [1.0, -0.0, -0.0, -0.125006, -0.0, -0.999984, 0.005958, -0.002831, -0.0, -0.005958, -0.999982, -1.2e-05, 0.0, 0.0, 0.0, 1.0],
                [1.0, -0.0, -0.0, -0.125006, -0.0, -0.999984, 0.00593, -0.002831, -0.0, -0.00593, -0.999982, -1.2e-05, 0.0, 0.0, 0.0, 1.0],
                [1.0, -0.0, -0.0, -0.125006, -0.0, -0.999984, 0.005958, -0.002831, -0.0, -0.005958, -0.999982, -1.2e-05, 0.0, 0.0, 0.0, 1.0],
                [1.0, -0.0, -0.0, -0.125006, -0.0, -0.999984, 0.006025, -0.002831, -0.0, -0.006025, -0.999982, -1.2e-05, 0.0, 0.0, 0.0, 1.0],
                [1.0, -0.0, -0.0, -0.125006, -0.0, -0.999984, 0.006043, -0.002831, -0.0, -0.006043, -0.999982, -1.2e-05, 0.0, 0.0, 0.0, 1.0],
                [1.0, -0.0, -0.0, -0.125006, -0.0, -0.999983, 0.006095, -0.002831, -0.0, -0.006095, -0.999981, -1.2e-05, 0.0, 0.0, 0.0, 1.0],
                [1.0, -0.0, -0.0, -0.125006, -0.0, -0.999984, 0.006043, -0.002831, -0.0, -0.006043, -0.999982, -1.2e-05, 0.0, 0.0, 0.0, 1.0]
            ]
        }
    ]
}