{
    "armature": {
        "joints": ["Root", "Thigh_R", "Leg_R", "Knee_R", "Thigh_L", "Leg_L", "Knee_L", "Torso", "Chest", "Head", "Shoulder_R", "Arm_R", "Hand_R", "Tool_R", "Elbow_R", "Shoulder_L", "Arm_L", "Hand_L", "Tool_L", "Elbow_L", "IK-Thigh_R", "IK-Leg_R", "IK-Thigh_L"],
        "hierarchy": [
            {
                "name": "Root",
                "transform": [1.0, 0.0, 0.0, -5e-06, 0.0, 0.0, -1.0, 0.000946, 0.0, 1.0, 0.0, 0.763972, 0.0, 0.0, 0.0, 1.0],
                "children": [
                    {
                        "name": "Thigh_R",
                        "transform": [1.0, -0.0, -0.0, 0.124994, -0.0, -0.999984, 0.00567, -0.002831, -0.0, -0.00567, -0.999984, -1.2e-05, 0.0, 0.0, 0.0, 1.0],
                        "children": [
                            {
                                "name": "Leg_R",
                                "transform": [1.0, 0.0, 1e-06, -0.0, -0.0, 0.999936, 0.011335, 0.374726, -1e-06, -0.011335, 0.999936, 0.0, 0.0, 0.0, 0.0, 1.0],
                                "children": []
                            },
                            {
                                "name": "Knee_R",
                                "transform": [1.0, 0.0, -0.0, -0.0, -0.0, 0.00567, -0.999984, 0.374726, -0.0, 0.999984, 0.00567, 0.0, 0.0, 0.0, 0.0, 1.0],
                                "children": []
                            }
                        ]
                    },
                    {
                        "name": "Thigh_L",
                        "transform": [1.0, -0.0, -0.0, -0.125006, -0.0, -0.999984, 0.00567, -0.002831, -0.0, -0.00567, -0.999984, -1.2e-05, 0.0, 0.0, 0.0, 1.0],
                        "children": [
                            {
                                "name": "Leg_L",
                                "transform": [1.0, 0.0, 1e-06, -0.0, -0.0, 0.999936, 0.011335, 0.374726, -1e-06, -0.011335, 0.999936, -0.0, 0.0, 0.0, 0.0, 1.0],
                                "children": []
                            },
                            {
                                "name": "Knee_L",
                                "transform": [1.0, 0.0, -0.0, -0.0, -0.0, 0.00567, -0.999984, 0.374726, -0.0, 0.999984, 0.00567, -0.0, 0.0, 0.0, 0.0, 1.0],
                                "children": []
                            }
                        ]
                    },
                    {
                        "name": "Torso",
                        "transform": [1.0, 0.0, 0.0, 0.0, 0.0, 1.0, 0.0, 0.05, 0.0, 0.0, 1.0, 0.0, 0.0, 0.0, 0.0, 1.0],
                        "children": [
                            {
                                "name": "Chest",
                                "transform": [1.0, 0.0, 0.0, 0.0, 0.0, 1.0, 0.0, 0.3, 0.0, 0.0, 1.0, 0.0, 0.0, 0.0, 0.0, 1.0],
                                "children": [
                                    {
                                        "name": "Head",
                                        "transform": [1.0, 0.0, 0.0, 0.0, 0.0, 1.0, 0.0, 0.4, 0.0, 0.0, 1.0, 0.0, 0.0, 0.0, 0.0, 1.0],
                                        "children": []
                                    },
                                    {
                                        "name": "Shoulder_R",
                                        "transform": [0.0, 0.952114, 0.305743, 0.0, 0.0, -0.305743, 0.952114, 0.4, 1.0, 0.0, -0.0, 0.0, 0.0, 0.0, 0.0, 1.0],
                                        "children": [
                                            {
                                                "name": "Arm_R",
                                                "transform": [0.0, 0.003946, -0.999992, -0.0, 0.952114, 0.305741, 0.001207, 0.39386, 0.305743, -0.952107, -0.003757, 0.0, 0.0, 0.0, 0.0, 1.0],
                                                "children": [
                                                    {
                                                        "name": "Hand_R",
                                                        "transform": [1.0, -0.0, 0.0, 0.0, 0.0, 0.999963, -0.008633, 0.300003, -0.0, 0.008633, 0.999963, 0.0, 0.0, 0.0, 0.0, 1.0],
                                                        "children": [
                                                            {
                                                                "name": "Tool_R",
                                                                "transform": [1.0, -0.0, 0.0, 0.0, 0.0, -0.999559, -0.029689, 0.271711, 0.0, 0.029689, -0.999559, -0.028915, 0.0, 0.0, 0.0, 1.0],
                                                                "children": []
                                                            }
                                                        ]
                                                    },
                                                    {
                                                        "name": "Elbow_R",
                                                        "transform": [-1.0, 0.0, -0.0, 0.0, 0.0, 0.003946, -0.999992, 0.300008, -0.0, -0.999992, -0.003946, -0.001252, 0.0, 0.0, 0.0, 1.0],
                                                        "children": []
                                                    }
                                                ]
                                            }
                                        ]
                                    },
                                    {
                                        "name": "Shoulder_L",
                                        "transform": [-0.0, -0.952114, -0.305743, 0.0, 0.0, -0.305743, 0.952114, 0.4, -1.0, 0.0, 0.0, 0.0, 0.0, 0.0, 0.0, 1.0],
                                        "children": [
                                            {
                                                "name": "Arm_L",
                                                "transform": [-0.0, -0.003946, 0.999992, -0.0, -0.952114, 0.305741, 0.001206, 0.39386, -0.305743, -0.952106, -0.003757, 0.0, 0.0, 0.0, 0.0, 1.0],
                                                "children": [
                                                    {
                                                        "name": "Hand_L",
                                                        "transform": [1.0, -0.0, 0.0, -0.0, 0.0, 0.999963, -0.008633, 0.300003, -0.0, 0.008633, 0.999963, -0.0, 0.0, 0.0, 0.0, 1.0],
                                                        "children": [
                                                            {
                                                                "name": "Tool_L",
                                                                "transform": [1.0, -0.0, 0.0, -0.0, 0.0, -0.999559, -0.029689, 0.271711, 0.0, 0.029689, -0.999559, -0.028915, 0.0, 0.0, 0.0, 1.0],
                                                                "children": []
                                                            }
                                                        ]
                                                    },
                                                    {
                                                        "name": "Elbow_L",
                                                        "transform": [-1.0, 0.0, -0.0, -0.0, 0.0, 0.003946, -0.999992, 0.300008, -0.0, -0.999992, -0.003946, -0.001252, 0.0, 0.0, 0.0, 1.0],
                                                        "children": []
                                                    }
                                                ]
                                            }
                                        ]
                                    }
                                ]
                            }
                        ]
                    },
                    {
                        "name": "IK-Thigh_R",
                        "transform": [1.0, -0.0, -0.0, 0.124994, -0.0, -0.999984, 0.00567, -0.002831, -0.0, -0.00567, -0.999984, -1.2e-05, 0.0, 0.0, 0.0, 1.0],
                        "children": [
                            {
                                "name": "IK-Leg_R",
                                "transform": [1.0, 0.0, 1e-06, -0.0, -0.0, 0.999936, 0.011335, 0.374726, -1e-06, -0.011335, 0.999936, 0.0, 0.0, 0.0, 0.0, 1.0],
                                "children": []
                            }
                        ]
                    },
                    {
                        "name": "IK-Thigh_L",
                        "transform": [1.0, -0.0, -0.0, -0.125006, -0.0, -0.999984, 0.00567, -0.002831, -0.0, -0.00567, -0.999984, -1.2e-05, 0.0, 0.0, 0.0, 1.0],
                        "children": []
                    }
                ]
            },
            {},
            {},
            {},
            {},
            {},
            {},
            {},
            {}
        ]
    },
    "animation": [
        {
            "name": "Root",
            "time": [0.0, 0.1667, 0.2833, 0.4167, 1.0],
            "transform": [
                [1.0, 0.0, 0.0, -5e-06, 0.0, 0.196908, -0.980422, 0.243654, 0.0, 0.980422, 0.196908, 2.127833, 0.0, 0.0, 0.0, 1.0],
                [1.0, 0.0, 0.0, -5e-06, 0.0, 0.196908, -0.980422, 0.243654, 0.0, 0.980422, 0.196908, 2.127833, 0.0, 0.0, 0.0, 1.0],
                [1.0, 0.0, 0.0, -5e-06, 0.0, 0.196908, -0.980422, 0.243654, 0.0, 0.980422, 0.196908, 2.127833, 0.0, 0.0, 0.0, 1.0],
                [1.0, 0.0, 0.0, -5e-06, 0.0, 0.196908, -0.980422, 0.243654, 0.0, 0.980422, 0.196908, 2.127833, 0.0, 0.0, 0.0, 1.0],
                [1.0, 0.0, 0.0, -5e-06, 0.0, 0.093608, -0.995609, 0.228935, 0.0, 0.995609, 0.093608, 0.782463, 0.0, 0.0, 0.0, 1.0]
            ]
        },
        {
            "name": "Thigh_R",
            "time": [0.0, 0.1667, 0.2833, 0.4167, 1.0],
            "transform": [
                [0.877411, 0.426126, 0.220377, 0.124994, -0.092049, -0.301297, 0.949077, -0.002831, 0.470825, -0.853017, -0.225136, -1.2e-05, 0.0, 0.0, 0.0, 1.0],
                [0.877411, 0.426126, 0.220377, 0.124994, -0.092049, -0.301297, 0.949077, -0.002831, 0.470825, -0.853017, -0.225136, -1.2e-05, 0.0, 0.0, 0.0, 1.0],
                [0.877411, 0.426126, 0.220377, 0.124994, -0.092049, -0.301297, 0.949077, -0.002831, 0.470825, -0.853017, -0.225136, -1.2e-05, 0.0, 0.0, 0.0, 1.0],
                [0.877411, 0.426126, 0.220377, 0.124994, -0.092049, -0.301297, 0.949077, -0.002831, 0.470825, -0.853017, -0.225136, -1.2e-05, 0.0, 0.0, 0.0, 1.0],
                [0.927314, 0.17255, 0.332137, 0.124994, 0.003993, -0.891905, 0.452208, -0.002831, 0.374263, -0.418013, -0.827764, -1.2e-05, 0.0, 0.0, 0.0, 1.0]
            ]
        },
        {
            "name": "Leg_R",
            "time": [0.0, 0.1667, 0.2833, 0.4167, 1.0],
            "transform": [
                [1.0, 2.1e-05, 2.4e-05, -0.0, -2.2e-05, -0.123532, 0.99234, 0.374726, 2.4e-05, -0.992342, -0.123532, -0.0, 0.0, 0.0, 0.0, 1.0],
                [1.0, 2.1e-05, 2.4e-05, -0.0, -2.2e-05, -0.123532, 0.99234, 0.374726, 2.4e-05, -0.992342, -0.123532, -0.0, 0.0, 0.0, 0.0, 1.0],
                [1.0, 2.1e-05, 2.4e-05, -0.0, -2.2e-05, -0.123532, 0.99234, 0.374726, 2.4e-05, -0.992342, -0.123532, -0.0, 0.0, 0.0, 0.0, 1.0],
                [1.0, 2.1e-05, 2.4e-05, -0.0, -2.2e-05, -0.123532, 0.99234, 0.374726, 2.4e-05, -0.992342, -0.123532, -0.0, 0.0, 0.0, 0.0, 1.0],
                [1.0, 7e-06, 2e-06, 0.0, -7e-06, 0.947438, 0.319939, 0.374726, 0.0, -0.31994, 0.947438, 0.0, 0.0, 0.0, 0.0, 1.0]
            ]
        },
        {
            "name": "Knee_R",
            "time": [0.0, 1.0],
            "transform": [
                [1.0, 0.0, -0.0, -0.0, -0.0, 0.00567, -0.999984, 0.484724, -0.0, 0.999984, 0.00567, -0.000624, 0.0, 0.0, 0.0, 1.0],
                [1.0, 0.0, -0.0, 0.0, -0.0, 0.00567, -0.999984, 0.374726, -0.0, 0.999984, 0.00567, 0.0, 0.0, 0.0, 0.0, 1.0]
            ]
        },
        {
            "name": "Thigh_L",
            "time": [0.0, 0.1667, 0.2833, 0.4167, 1.0],
            "transform": [
                [0.990917, -0.061422, -0.11963, -0.125006, -0.030895, -0.969782, 0.242012, -0.002831, -0.13088, -0.236118, -0.96287, -1.2e-05, 0.0, 0.0, 0.0, 1.0],
                [0.990917, -0.061422, -0.11963, -0.125006, -0.030895, -0.969782, 0.242012, -0.002831, -0.13088, -0.236118, -0.96287, -1.2e-05, 0.0, 0.0, 0.0, 1.0],
                [0.990917, -0.061422, -0.11963, -0.125006, -0.030895, -0.969782, 0.242012, -0.002831, -0.13088, -0.236118, -0.96287, -1.2e-05, 0.0, 0.0, 0.0, 1.0],
                [0.990917, -0.061422, -0.11963, -0.125006, -0.030895, -0.969782, 0.242012, -0.002831, -0.13088, -0.236118, -0.96287, -1.2e-05, 0.0, 0.0, 0.0, 1.0],
                [0.99376, -0.110304, -0.016575, -0.125006, -0.102365, -0.960899, 0.257287, -0.002831, -0.044306, -0.253985, -0.966193, -1.2e-05, 0.0, 0.0, 0.0, 1.0]
            ]
        },
        {
            "name": "Leg_L",
            "time": [0.0, 0.1667, 0.2833, 0.4167, 1.0],
            "transform": [
                [1.0, 0.0, 1e-06, -0.0, -0.0, 0.999999, 0.001474, 0.374726, -1e-06, -0.001474, 0.999999, -0.0, 0.0, 0.0, 0.0, 1.0],
                [1.0, 0.0, 1e-06, -0.0, -0.0, 0.999999, 0.001474, 0.374726, -1e-06, -0.001474, 0.999999, -0.0, 0.0, 0.0, 0.0, 1.0],
                [1.0, 0.0, 1e-06, -0.0, -0.0, 0.999999, 0.001474, 0.374726, -1e-06, -0.001474, 0.999999, -0.0, 0.0, 0.0, 0.0, 1.0],
                [1.0, 0.0, 1e-06, -0.0, -0.0, 0.999999, 0.001474, 0.374726, -1e-06, -0.001474, 0.999999, -0.0, 0.0, 0.0, 0.0, 1.0],
                [1.0, 0.0, 1e-06, -0.0, -0.0, 0.999999, 0.001463, 0.374726, -1e-06, -0.001463, 0.999999, 0.0, 0.0, 0.0, 0.0, 1.0]
            ]
        },
        {
            "name": "Knee_L",
            "time": [0.0, 1.0],
            "transform": [
                [1.0, 0.0, -0.0, -0.0, -0.0, 0.00567, -0.999984, 0.374726, -0.0, 0.999984, 0.00567, -0.0, 0.0, 0.0, 0.0, 1.0],
                [1.0, 0.0, -0.0, -0.0, -0.0, 0.00567, -0.999984, 0.374726, -0.0, 0.999984, 0.00567, 0.0, 0.0, 0.0, 0.0, 1.0]
            ]
        },
        {
            "name": "Torso",
            "time": [0.0, 0.1667, 0.2833, 0.4167, 1.0],
            "transform": [
                [0.997248, -0.014598, 0.072685, 0.0, 0.021107, 0.995755, -0.089597, 0.05, -0.071069, 0.090884, 0.993322, 0.0, 0.0, 0.0, 0.0, 1.0],
                [0.985075, 0.011972, -0.171711, 0.0, -0.027299, 0.995819, -0.087179, 0.05, 0.169949, 0.090565, 0.981282, 0.0, 0.0, 0.0, 0.0, 1.0],
                [0.984298, -0.025562, 0.174653, 0.0, 0.0413, 0.995345, -0.087076, 0.05, -0.171614, 0.092922, 0.980772, 0.0, 0.0, 0.0, 0.0, 1.0],
                [0.984298, -0.025562, 0.174653, 0.0, 0.0413, 0.995345, -0.087076, 0.05, -0.171614, 0.092922, 0.980772, 0.0, 0.0, 0.0, 0.0, 1.0],
                [0.997248, -0.014598, 0.072685, 0.0, 0.021107, 0.995755, -0.089597, 0.05, -0.071069, 0.090884, 0.993322, 0.0, 0.0, 0.0, 0.0, 1.0]
            ]
        },
        {
            "name": "Chest",
            "time": [0.0, 0.1667, 0.2833, 0.4167, 1.0],
            "transform": [
                [0.955621, -0.062851, 0.287816, -0.0, 0.081654, 0.995208, -0.053787, 0.3, -0.283056, 0.074901, 0.956174, 0.0, 0.0, 0.0, 0.0, 1.0],
                [0.98313, -0.040352, -0.178403, -0.0, 0.031257, 0.998078, -0.053499, 0.3, 0.180219, 0.04702, 0.982502, 0.0, 0.0, 0.0, 0.0, 1.0],
                [0.886063, -0.067687, 0.458596, 0.0, 0.100492, 0.993804, -0.047481, 0.3, -0.452541, 0.088157, 0.887375, 0.0, 0.0, 0.0, 0.0, 1.0],
                [0.886063, -0.067687, 0.458596, 0.0, 0.100492, 0.993804, -0.047481, 0.3, -0.452541, 0.088157, 0.887375, 0.0, 0.0, 0.0, 0.0, 1.0],
                [1.0, 0.0, 0.0, 0.0, 0.0, 1.0, -0.0, 0.3, 0.0, -0.0, 1.0, -0.0, 0.0, 0.0, 0.0, 1.0]
            ]
        },
        {
            "name": "Head",
            "time": [0.0, 0.1667, 0.2833, 0.4167, 1.0],
            "transform": [
                [0.904566, 0.150463, -0.3989, 0.0, -0.073553, 0.9767, 0.201612, 0.4, 0.419941, -0.153031, 0.894557, 0.0, 0.0, 0.0, 0.0, 1.0],
                [0.935847, -0.022298, 0.351701, 0.0, -0.035556, 0.98693, 0.157181, 0.4, -0.350609, -0.159603, 0.922822, -0.0, 0.0, 0.0, 0.0, 1.0],
                [0.904566, 0.150463, -0.3989, -0.0, -0.073553, 0.9767, 0.201612, 0.4, 0.419941, -0.153031, 0.894557, -0.0, 0.0, 0.0, 0.0, 1.0],
                [0.904566, 0.150463, -0.3989, -0.0, -0.073553, 0.9767, 0.201612, 0.4, 0.419941, -0.153031, 0.894557, -0.0, 0.0, 0.0, 0.0, 1.0],
                [1.0, 0.0, 0.0, 0.0, 0.0, 1.0, -0.0, 0.4, 0.0, -0.0, 1.0, -0.0, 0.0, 0.0, 0.0, 1.0]
            ]
        },
        {
            "name": "Shoulder_R",
            "time": [0.0, 0.1667, 0.2833, 0.4167, 1.0],
            "transform": [
                [0.0, 0.952114, 0.305743, 0.0, 0.0, -0.305743, 0.952114, 0.4, 1.0, -0.0, -0.0, 0.0, 0.0, 0.0, 0.0, 1.0],
                [0.0, 0.952114, 0.305743, 0.0, 0.0, -0.305743, 0.952114, 0.4, 1.0, -0.0, -0.0, -0.0, 0.0, 0.0, 0.0, 1.0],
                [0.0, 0.952114, 0.305743, -0.0, 0.0, -0.305743, 0.952114, 0.4, 1.0, 0.0, -0.0, -0.0, 0.0, 0.0, 0.0, 1.0],
                [0.0, 0.952114, 0.305743, -0.0, 0.0, -0.305743, 0.952114, 0.4, 1.0, 0.0, -0.0, -0.0, 0.0, 0.0, 0.0, 1.0],
                [0.0, 0.952114, 0.305743, 0.0, 0.0, -0.305743, 0.952114, 0.4, 1.0, 0.0, -0.0, -0.0, 0.0, 0.0, 0.0, 1.0]
            ]
        },
        {
            "name": "Arm_R",
            "time": [0.0, 0.1667, 0.2833, 0.4167, 1.0],
            "transform": [
                [0.387557, -0.776806, -0.49636, -0.0, 0.855933, 0.503171, -0.119154, 0.39386, 0.342314, -0.378672, 0.8599, -0.0, 0.0, 0.0, 0.0, 1.0],
                [0.394847, 0.144378, -0.907332, 0.0, 0.424054, 0.84745, 0.319387, 0.39386, 0.81503, -0.510867, 0.273389, 0.0, 0.0, 0.0, 0.0, 1.0],
                [0.665973, -0.705082, -0.243599, 0.0, 0.643265, 0.708153, -0.291084, 0.393861, 0.377743, 0.037155, 0.925165, -0.0, 0.0, 0.0, 0.0, 1.0],
                [0.665973, -0.705082, -0.243599, 0.0, 0.643265, 0.708153, -0.291084, 0.393861, 0.377743, 0.037155, 0.925165, -0.0, 0.0, 0.0, 0.0, 1.0],
                [0.529334, -0.23812, -0.814313, 0.0, 0.810932, 0.424135, 0.403112, 0.39386, 0.249389, -0.873733, 0.417608, -0.0, 0.0, 0.0, 0.0, 1.0]
            ]
        },
        {
            "name": "Hand_R",
            "time": [0.0, 0.1667, 0.2833, 0.4167, 1.0],
            "transform": [
                [1.0, -3e-06, 1e-06, 0.0, 3e-06, 0.766843, -0.641835, 0.300003, 1e-06, 0.641835, 0.766843, 0.0, 0.0, 0.0, 0.0, 1.0],
                [1.0, -3e-06, 6e-06, 0.0, 4e-06, -0.441028, -0.897494, 0.300002, 6e-06, 0.897493, -0.441028, -0.0, 0.0, 0.0, 0.0, 1.0],
                [1.0, -0.0, -0.0, 0.0, 0.0, 1.0, -0.001002, 0.300003, -0.0, 0.001002, 1.0, -0.0, 0.0, 0.0, 0.0, 1.0],
                [1.0, -0.0, -0.0, 0.0, 0.0, 1.0, -0.001002, 0.300003, -0.0, 0.001002, 1.0, -0.0, 0.0, 0.0, 0.0, 1.0],
                [1.0, -3e-06, 2e-06, 0.0, 3e-06, 0.418113, -0.908395, 0.300002, 2e-06, 0.908395, 0.418112, 0.0, 0.0, 0.0, 0.0, 1.0]
            ]
        },
        {
            "name": "Tool_R",
            "time": [0.0, 0.1667, 0.2833, 0.4167, 1.0],
            "transform": [
                [1.0, -0.0, 0.0, 0.0, 0.0, -0.99956, -0.029689, 0.271711, 0.0, 0.029689, -0.99956, -0.028915, 0.0, 0.0, 0.0, 1.0],
                [1.0, 0.0, 0.0, -0.0, -0.0, -0.99956, -0.029689, 0.271711, 0.0, 0.029689, -0.99956, -0.028915, 0.0, 0.0, 0.0, 1.0],
                [1.0, -0.0, 0.0, 0.0, 0.0, -0.99956, -0.029689, 0.271711, 0.0, 0.029689, -0.99956, -0.028915, 0.0, 0.0, 0.0, 1.0],
                [1.0, -0.0, 0.0, 0.0, 0.0, -0.99956, -0.029689, 0.271711, 0.0, 0.029689, -0.99956, -0.028915, 0.0, 0.0, 0.0, 1.0],
                [1.0, 0.0, 0.0, -0.0, -0.0, -0.99956, -0.029689, 0.271711, 0.0, 0.029689, -0.99956, -0.028915, 0.0, 0.0, 0.0, 1.0]
            ]
        },
        {
            "name": "Elbow_R",
            "time": [0.0, 1.0],
            "transform": [
                [-1.0, 0.0, -0.0, 0.0, 0.0, 0.003946, -0.999992, 0.364504, -0.0, -0.999992, -0.003946, -0.000998, 0.0, 0.0, 0.0, 1.0],
                [-1.0, 0.0, 0.0, -0.0, -0.0, 0.003946, -0.999992, 0.405974, -0.0, -0.999992, -0.003946, -0.000834, 0.0, 0.0, 0.0, 1.0]
            ]
        },
        {
            "name": "Shoulder_L",
            "time": [0.0, 0.1667, 0.2833, 0.4167, 1.0],
            "transform": [
                [0.0, -0.952114, -0.305743, 0.0, 0.0, -0.305743, 0.952114, 0.4, -1.0, 0.0, 0.0, 0.0, 0.0, 0.0, 0.0, 1.0],
                [-0.0, -0.952114, -0.305743, 0.0, 0.0, -0.305743, 0.952114, 0.4, -1.0, -0.0, 0.0, -0.0, 0.0, 0.0, 0.0, 1.0],
                [0.0, -0.952114, -0.305743, -0.0, 0.0, -0.305743, 0.952114, 0.4, -1.0, -0.0, 0.0, -0.0, 0.0, 0.0, 0.0, 1.0],
                [0.0, -0.952114, -0.305743, -0.0, 0.0, -0.305743, 0.952114, 0.4, -1.0, -0.0, 0.0, -0.0, 0.0, 0.0, 0.0, 1.0],
                [-0.0, -0.952114, -0.305743, 0.0, 0.0, -0.305743, 0.952114, 0.4, -1.0, -0.0, 0.0, -0.0, 0.0, 0.0, 0.0, 1.0]
            ]
        },
        {
            "name": "Arm_L",
            "time": [0.0, 0.1667, 0.2833, 0.4167, 1.0],
            "transform": [
                [-0.318558, 0.830322, 0.457259, -0.0, 0.128125, 0.51568, -0.847147, 0.39386, -0.939204, -0.211279, -0.270659, -0.0, 0.0, 0.0, 0.0, 1.0],
                [-0.03826, 0.324928, 0.944964, -0.0, -0.0956, 0.940129, -0.327137, 0.39386, -0.994684, -0.102854, -0.004906, 0.0, 0.0, 0.0, 0.0, 1.0],
                [-0.485735, 0.53481, 0.691404, -0.0, 0.274631, 0.844303, -0.460142, 0.39386, -0.829843, -0.033626, -0.556983, 0.0, 0.0, 0.0, 0.0, 1.0],
                [-0.485735, 0.53481, 0.691404, -0.0, 0.274631, 0.844303, -0.460142, 0.39386, -0.829843, -0.033626, -0.556983, 0.0, 0.0, 0.0, 0.0, 1.0],
                [-0.480039, 0.395891, 0.782836, 0.0, -0.338736, 0.739516, -0.581699, 0.39386, -0.809209, -0.544413, -0.220893, -0.0, 0.0, 0.0, 0.0, 1.0]
            ]
        },
        {
            "name": "Hand_L",
            "time": [0.0, 0.1667, 0.2833, 0.4167, 1.0],
            "transform": [
                [1.0, -1e-06, 1e-06, 0.0, 1e-06, 0.405956, -0.913892, 0.300003, 1e-06, 0.913892, 0.405956, 0.0, 0.0, 0.0, 0.0, 1.0],
                [1.0, -0.0, -0.0, -0.0, 0.0, 0.393967, -0.919124, 0.300002, -0.0, 0.919125, 0.393967, -0.0, 0.0, 0.0, 0.0, 1.0],
                [1.0, 1e-06, -1e-06, 0.0, -1e-06, -0.392848, -0.919604, 0.300003, -1e-06, 0.919604, -0.392848, 0.0, 0.0, 0.0, 0.0, 1.0],
                [1.0, 1e-06, -1e-06, 0.0, -1e-06, -0.392848, -0.919604, 0.300003, -1e-06, 0.919604, -0.392848, 0.0, 0.0, 0.0, 0.0, 1.0],
                [1.0, -0.0, 0.0, -0.0, 0.0, 0.80798, -0.58921, 0.300003, 0.0, 0.58921, 0.807979, 0.0, 0.0, 0.0, 0.0, 1.0]
            ]
        },
        {
            "name": "Tool_L",
            "time": [0.0, 0.1667, 0.2833, 0.4167, 1.0],
            "transform": [
                [1.0, -0.0, 0.0, -0.0, -0.0, -0.99956, -0.029689, 0.271711, 0.0, 0.029689, -0.99956, -0.028915, 0.0, 0.0, 0.0, 1.0],
                [1.0, 0.0, 0.0, 0.0, 0.0, -0.99956, -0.029689, 0.271711, 0.0, 0.029689, -0.99956, -0.028915, 0.0, 0.0, 0.0, 1.0],
                [1.0, 0.0, 0.0, -0.0, 0.0, -0.99956, -0.029689, 0.271711, 0.0, 0.029689, -0.99956, -0.028915, 0.0, 0.0, 0.0, 1.0],
                [1.0, 0.0, 0.0, -0.0, 0.0, -0.99956, -0.029689, 0.271711, 0.0, 0.029689, -0.99956, -0.028915, 0.0, 0.0, 0.0, 1.0],
                [1.0, -0.0, 0.0, -0.0, -0.0, -0.99956, -0.029689, 0.271711, 0.0, 0.029689, -0.99956, -0.028915, 0.0, 0.0, 0.0, 1.0]
            ]
        },
        {
            "name": "Elbow_L",
            "time": [0.0, 1.0],
            "transform": [
                [-1.0, 0.0, 0.0, 1e-06, 0.0, 0.003946, -0.999992, 0.407224, -0.0, -0.999993, -0.003946, -0.000829, 0.0, 0.0, 0.0, 1.0],
                [-1.0, 0.0, -0.0, 0.0, 0.0, 0.003946, -0.999992, 0.358243, -0.0, -0.999993, -0.003946, -0.001023, 0.0, 0.0, 0.0, 1.0]
            ]
        },
        {
            "name": "IK-Thigh_R",
            "time": [0.0, 0.1667, 0.2833, 0.4167, 1.0],
            "transform": [
                [0.877411, 0.426126, 0.220377, 0.124994, -0.092049, -0.301297, 0.949077, -0.002831, 0.470825, -0.853017, -0.225136, -1.2e-05, 0.0, 0.0, 0.0, 1.0],
                [0.877411, 0.426126, 0.220377, 0.124994, -0.092049, -0.301297, 0.949077, -0.002831, 0.470825, -0.853017, -0.225136, -1.2e-05, 0.0, 0.0, 0.0, 1.0],
                [0.877411, 0.426126, 0.220377, 0.124994, -0.092049, -0.301297, 0.949077, -0.002831, 0.470825, -0.853017, -0.225136, -1.2e-05, 0.0, 0.0, 0.0, 1.0],
                [0.877411, 0.426126, 0.220377, 0.124994, -0.092049, -0.301297, 0.949077, -0.002831, 0.470825, -0.853017, -0.225136, -1.2e-05, 0.0, 0.0, 0.0, 1.0],
                [0.927314, 0.17255, 0.332137, 0.124994, 0.003993, -0.891905, 0.452208, -0.002831, 0.374263, -0.418013, -0.827764, -1.2e-05, 0.0, 0.0, 0.0, 1.0]
            ]
        },
        {
            "name": "IK-Leg_R",
            "time": [0.0, 1.0],
            "transform": [
                [1.0, 2.1e-05, 2.4e-05, -0.0, -2.2e-05, -0.123532, 0.99234, 0.374726, 2.4e-05, -0.992342, -0.123532, -0.0, 0.0, 0.0, 0.0, 1.0],
                [1.0, 7e-06, 2e-06, 0.0, -7e-06, 0.947438, 0.319939, 0.374726, 0.0, -0.31994, 0.947438, 0.0, 0.0, 0.0, 0.0, 1.0]
            ]
        },
        {
            "name": "IK-Thigh_L",
            "time": [0.0, 0.1667, 0.2833, 0.4167, 1.0],
            "transform": [
                [0.990917, -0.061422, -0.11963, -0.125006, -0.030895, -0.969782, 0.242012, -0.002831, -0.13088, -0.236118, -0.96287, -1.2e-05, 0.0, 0.0, 0.0, 1.0],
                [0.990917, -0.061422, -0.11963, -0.125006, -0.030895, -0.969782, 0.242012, -0.002831, -0.13088, -0.236118, -0.96287, -1.2e-05, 0.0, 0.0, 0.0, 1.0],
                [0.990917, -0.061422, -0.11963, -0.125006, -0.030895, -0.969782, 0.242012, -0.002831, -0.13088, -0.236118, -0.96287, -1.2e-05, 0.0, 0.0, 0.0, 1.0],
                [0.990917, -0.061422, -0.11963, -0.125006, -0.030895, -0.969782, 0.242012, -0.002831, -0.13088, -0.236118, -0.96287, -1.2e-05, 0.0, 0.0, 0.0, 1.0],
                [0.99376, -0.110304, -0.016575, -0.125006, -0.102365, -0.960899, 0.257287, -0.002831, -0.044306, -0.253985, -0.966193, -1.2e-05, 0.0, 0.0, 0.0, 1.0]
            ]
        }
    ]
}