{
    "armature": {
        "joints": ["Root", "Thigh_R", "Leg_R", "Knee_R", "Thigh_L", "Leg_L", "Knee_L", "Torso", "Chest", "Head", "Shoulder_R", "Arm_R", "Hand_R", "Tool_R", "Elbow_R", "Shoulder_L", "Arm_L", "Hand_L", "Tool_L", "Elbow_L", "IK-Thigh_R", "IK-Leg_R", "IK-Thigh_L"],
        "hierarchy": [
            {
                "name": "Root",
                "transform": [1.0, 0.0, 0.0, -5e-06, 0.0, 0.0, -1.0, 0.000946, 0.0, 1.0, 0.0, 0.763972, 0.0, 0.0, 0.0, 1.0],
                "children": [
                    {
                        "name": "Thigh_R",
                        "transform": [1.0, -0.0, -0.0, 0.124994, -0.0, -0.999984, 0.00567, -0.002831, -0.0, -0.00567, -0.999984, -1.2e-05, 0.0, 0.0, 0.0, 1.0],
                        "children": [
                            {
                                "name": "Leg_R",
                                "transform": [1.0, 0.0, 1e-06, -0.0, -0.0, 0.999936, 0.011335, 0.374726, -1e-06, -0.011335, 0.999936, 0.0, 0.0, 0.0, 0.0, 1.0],
                                "children": []
                            },
                            {
                                "name": "Knee_R",
                                "transform": [1.0, 0.0, -0.0, -0.0, -0.0, 0.00567, -0.999984, 0.374726, -0.0, 0.999984, 0.00567, 0.0, 0.0, 0.0, 0.0, 1.0],
                                "children": []
                            }
                        ]
                    },
                    {
                        "name": "Thigh_L",
                        "transform": [1.0, -0.0, -0.0, -0.125006, -0.0, -0.999984, 0.00567, -0.002831, -0.0, -0.00567, -0.999984, -1.2e-05, 0.0, 0.0, 0.0, 1.0],
                        "children": [
                            {
                                "name": "Leg_L",
                                "transform": [1.0, 0.0, 1e-06, -0.0, -0.0, 0.999936, 0.011335, 0.374726, -1e-06, -0.011335, 0.999936, -0.0, 0.0, 0.0, 0.0, 1.0],
                                "children": []
                            },
                            {
                                "name": "Knee_L",
                                "transform": [1.0, 0.0, -0.0, -0.0, -0.0, 0.00567, -0.999984, 0.374726, -0.0, 0.999984, 0.00567, -0.0, 0.0, 0.0, 0.0, 1.0],
                                "children": []
                            }
                        ]
                    },
                    {
                        "name": "Torso",
                        "transform": [1.0, 0.0, 0.0, 0.0, 0.0, 1.0, 0.0, 0.05, 0.0, 0.0, 1.0, 0.0, 0.0, 0.0, 0.0, 1.0],
                        "children": [
                            {
                                "name": "Chest",
                                "transform": [1.0, 0.0, 0.0, 0.0, 0.0, 1.0, 0.0, 0.3, 0.0, 0.0, 1.0, 0.0, 0.0, 0.0, 0.0, 1.0],
                                "children": [
                                    {
                                        "name": "Head",
                                        "transform": [1.0, 0.0, 0.0, 0.0, 0.0, 1.0, 0.0, 0.4, 0.0, 0.0, 1.0, 0.0, 0.0, 0.0, 0.0, 1.0],
                                        "children": []
                                    },
                                    {
                                        "name": "Shoulder_R",
                                        "transform": [0.0, 0.952114, 0.305743, 0.0, 0.0, -0.305743, 0.952114, 0.4, 1.0, 0.0, -0.0, 0.0, 0.0, 0.0, 0.0, 1.0],
                                        "children": [
                                            {
                                                "name": "Arm_R",
                                                "transform": [0.0, 0.003946, -0.999992, -0.0, 0.952114, 0.305741, 0.001207, 0.39386, 0.305743, -0.952107, -0.003757, 0.0, 0.0, 0.0, 0.0, 1.0],
                                                "children": [
                                                    {
                                                        "name": "Hand_R",
                                                        "transform": [1.0, -0.0, 0.0, 0.0, 0.0, 0.999963, -0.008633, 0.300003, -0.0, 0.008633, 0.999963, 0.0, 0.0, 0.0, 0.0, 1.0],
                                                        "children": [
                                                            {
                                                                "name": "Tool_R",
                                                                "transform": [1.0, -0.0, 0.0, 0.0, 0.0, -0.999559, -0.029689, 0.271711, 0.0, 0.029689, -0.999559, -0.028915, 0.0, 0.0, 0.0, 1.0],
                                                                "children": []
                                                            }
                                                        ]
                                                    },
                                                    {
                                                        "name": "Elbow_R",
                                                        "transform": [-1.0, 0.0, -0.0, 0.0, 0.0, 0.003946, -0.999992, 0.300008, -0.0, -0.999992, -0.003946, -0.001252, 0.0, 0.0, 0.0, 1.0],
                                                        "children": []
                                                    }
                                                ]
                                            }
                                        ]
                                    },
                                    {
                                        "name": "Shoulder_L",
                                        "transform": [-0.0, -0.952114, -0.305743, 0.0, 0.0, -0.305743, 0.952114, 0.4, -1.0, 0.0, 0.0, 0.0, 0.0, 0.0, 0.0, 1.0],
                                        "children": [
                                            {
                                                "name": "Arm_L",
                                                "transform": [-0.0, -0.003946, 0.999992, -0.0, -0.952114, 0.305741, 0.001206, 0.39386, -0.305743, -0.952106, -0.003757, 0.0, 0.0, 0.0, 0.0, 1.0],
                                                "children": [
                                                    {
                                                        "name": "Hand_L",
                                                        "transform": [1.0, -0.0, 0.0, -0.0, 0.0, 0.999963, -0.008633, 0.300003, -0.0, 0.008633, 0.999963, -0.0, 0.0, 0.0, 0.0, 1.0],
                                                        "children": [
                                                            {
                                                                "name": "Tool_L",
                                                                "transform": [1.0, -0.0, 0.0, -0.0, 0.0, -0.999559, -0.029689, 0.271711, 0.0, 0.029689, -0.999559, -0.028915, 0.0, 0.0, 0.0, 1.0],
                                                                "children": []
                                                            }
                                                        ]
                                                    },
                                                    {
                                                        "name": "Elbow_L",
                                                        "transform": [-1.0, 0.0, -0.0, -0.0, 0.0, 0.003946, -0.999992, 0.300008, -0.0, -0.999992, -0.003946, -0.001252, 0.0, 0.0, 0.0, 1.0],
                                                        "children": []
                                                    }
                                                ]
                                            }
                                        ]
                                    }
                                ]
                            }
                        ]
                    },
                    {
                        "name": "IK-Thigh_R",
                        "transform": [1.0, -0.0, -0.0, 0.124994, -0.0, -0.999984, 0.00567, -0.002831, -0.0, -0.00567, -0.999984, -1.2e-05, 0.0, 0.0, 0.0, 1.0],
                        "children": [
                            {
                                "name": "IK-Leg_R",
                                "transform": [1.0, 0.0, 1e-06, -0.0, -0.0, 0.999936, 0.011335, 0.374726, -1e-06, -0.011335, 0.999936, 0.0, 0.0, 0.0, 0.0, 1.0],
                                "children": []
                            }
                        ]
                    },
                    {
                        "name": "IK-Thigh_L",
                        "transform": [1.0, -0.0, -0.0, -0.125006, -0.0, -0.999984, 0.00567, -0.002831, -0.0, -0.00567, -0.999984, -1.2e-05, 0.0, 0.0, 0.0, 1.0],
                        "children": []
                    }
                ]
            },
            {},
            {},
            {},
            {},
            {},
            {},
            {},
            {}
        ]
    },
    "animation": [
        {
            "name": "Root",
            "time": [0.0, 0.05, 0.1, 0.15, 0.1667, 0.2, 0.4167],
            "transform": [
                [1.0, 0.0, 0.0, -5e-06, 0.0, 0.0, -1.0, 0.000946, 0.0, 1.0, 0.0, 0.763972, 0.0, 0.0, 0.0, 1.0],
                [1.0, 0.0, 0.0, -5e-06, 0.0, 0.0, -1.0, 0.000946, 0.0, 1.0, 0.0, 0.763972, 0.0, 0.0, 0.0, 1.0],
                [1.0, 0.0, 0.0, -5e-06, 0.0, 0.0, -1.0, 0.000946, 0.0, 1.0, 0.0, 0.763972, 0.0, 0.0, 0.0, 1.0],
                [1.0, 0.0, 0.0, -5e-06, 0.0, 0.0, -1.0, 0.000946, 0.0, 1.0, 0.0, 0.763972, 0.0, 0.0, 0.0, 1.0],
                [1.0, 0.0, 0.0, -5e-06, 0.0, 0.0, -1.0, 0.000946, 0.0, 1.0, 0.0, 0.763972, 0.0, 0.0, 0.0, 1.0],
                [1.0, 0.0, 0.0, -5e-06, 0.0, 0.0, -1.0, 0.000946, 0.0, 1.0, 0.0, 0.763972, 0.0, 0.0, 0.0, 1.0],
                [1.0, 0.0, 0.0, -5e-06, 0.0, 0.0, -1.0, 0.000946, 0.0, 1.0, 0.0, 0.763972, 0.0, 0.0, 0.0, 1.0]
            ]
        },
        {
            "name": "Thigh_R",
            "time": [0.0, 0.05, 0.1, 0.15, 0.1667, 0.2, 0.4167],
            "transform": [
                [1.0, -0.0, -0.0, 0.124994, -0.0, -0.999984, 0.005958, -0.002831, -0.0, -0.005958, -0.999982, -1.2e-05, 0.0, 0.0, 0.0, 1.0],
                [1.0, -0.0, -0.0, 0.124994, -0.0, -0.999984, 0.00593, -0.002831, -0.0, -0.00593, -0.999982, -1.2e-05, 0.0, 0.0, 0.0, 1.0],
                [1.0, -0.0, -0.0, 0.124994, -0.0, -0.999984, 0.005958, -0.002831, -0.0, -0.005958, -0.999982, -1.2e-05, 0.0, 0.0, 0.0, 1.0],
                [1.0, -0.0, -0.0, 0.124994, -0.0, -0.999984, 0.006025, -0.002831, -0.0, -0.006025, -0.999982, -1.2e-05, 0.0, 0.0, 0.0, 1.0],
                [1.0, -0.0, -0.0, 0.124994, -0.0, -0.999984, 0.006043, -0.002831, -0.0, -0.006043, -0.999982, -1.2e-05, 0.0, 0.0, 0.0, 1.0],
                [1.0, -0.0, -0.0, 0.124994, -0.0, -0.999984, 0.006082, -0.002831, -0.0, -0.006082, -0.999982, -1.2e-05, 0.0, 0.0, 0.0, 1.0],
                [1.0, -0.0, -0.0, 0.124994, -0.0, -0.999984, 0.006043, -0.002831, -0.0, -0.006043, -0.999982, -1.2e-05, 0.0, 0.0, 0.0, 1.0]
            ]
        },
        {
            "name": "Leg_R",
            "time": [0.0, 0.05, 0.1, 0.15, 0.1667, 0.2, 0.4167],
            "transform": [
                [1.0, 0.0, 1e-06, 0.0, -0.0, 0.999929, 0.011912, 0.374726, -1e-06, -0.011912, 0.999929, 0.0, 0.0, 0.0, 0.0, 1.0],
                [1.0, 0.0, 1e-06, -0.0, -0.0, 0.99993, 0.011854, 0.374726, -1e-06, -0.011854, 0.99993, 0.0, 0.0, 0.0, 0.0, 1.0],
                [1.0, 0.0, 1e-06, 0.0, -0.0, 0.999929, 0.011912, 0.374726, -1e-06, -0.011912, 0.999929, 0.0, 0.0, 0.0, 0.0, 1.0],
                [1.0, 0.0, 1e-06, -0.0, -0.0, 0.999928, 0.012044, 0.374726, -1e-06, -0.012044, 0.999928, -0.0, 0.0, 0.0, 0.0, 1.0],
                [1.0, 0.0, 1e-06, 0.0, -0.0, 0.999927, 0.012081, 0.374726, -1e-06, -0.012081, 0.999927, 0.0, 0.0, 0.0, 0.0, 1.0],
                [1.0, 0.0, 1e-06, 0.0, -0.0, 0.999926, 0.012159, 0.374726, -1e-06, -0.012158, 0.999926, -0.0, 0.0, 0.0, 0.0, 1.0],
                [1.0, 0.0, 1e-06, 0.0, -0.0, 0.999927, 0.012081, 0.374726, -1e-06, -0.012081, 0.999927, 0.0, 0.0, 0.0, 0.0, 1.0]
            ]
        },
        {
            "name": "Knee_R",
            "time": [0.0, 0.4167],
            "transform": [
                [1.0, 0.0, -0.0, 0.0, -0.0, 0.00567, -0.999984, 0.374726, -0.0, 0.999984, 0.00567, -0.0, 0.0, 0.0, 0.0, 1.0],
                [1.0, 0.0, -0.0, 0.0, -0.0, 0.00567, -0.999984, 0.374726, -0.0, 0.999984, 0.00567, 0.0, 0.0, 0.0, 0.0, 1.0]
            ]
        },
        {
            "name": "Thigh_L",
            "time": [0.0, 0.05, 0.1, 0.15, 0.1667, 0.2, 0.4167],
            "transform": [
                [1.0, -0.0, -0.0, -0.125006, -0.0, -0.999984, 0.005962, -0.002831, -0.0, -0.005962, -0.999982, -1.2e-05, 0.0, 0.0, 0.0, 1.0],
                [1.0, -0.0, -0.0, -0.125006, -0.0, -0.999984, 0.005966, -0.002831, -0.0, -0.005966, -0.999982, -1.2e-05, 0.0, 0.0, 0.0, 1.0],
                [1.0, -0.0, -0.0, -0.125006, -0.0, -0.999984, 0.005962, -0.002831, -0.0, -0.005962, -0.999982, -1.2e-05, 0.0, 0.0, 0.0, 1.0],
                [1.0, -0.0, -0.0, -0.125006, -0.0, -0.999984, 0.005952, -0.002831, -0.0, -0.005952, -0.999982, -1.2e-05, 0.0, 0.0, 0.0, 1.0],
                [1.0, -0.0, -0.0, -0.125006, -0.0, -0.999984, 0.005983, -0.002831, -0.0, -0.005983, -0.999982, -1.2e-05, 0.0, 0.0, 0.0, 1.0],
                [1.0, -0.0, -0.0, -0.125006, -0.0, -0.999984, 0.006047, -0.002831, -0.0, -0.006047, -0.999982, -1.2e-05, 0.0, 0.0, 0.0, 1.0],
                [1.0, -0.0, -0.0, -0.125006, -0.0, -0.999984, 0.005983, -0.002831, -0.0, -0.005983, -0.999982, -1.2e-05, 0.0, 0.0, 0.0, 1.0]
            ]
        },
        {
            "name": "Leg_L",
            "time": [0.0, 0.05, 0.1, 0.15, 0.1667, 0.2, 0.4167],
            "transform": [
                [1.0, 0.0, 1e-06, 0.0, -0.0, 0.999929, 0.011919, 0.374726, -1e-06, -0.011919, 0.999929, -0.0, 0.0, 0.0, 0.0, 1.0],
                [1.0, 0.0, 1e-06, -0.0, -0.0, 0.999929, 0.011927, 0.374726, -1e-06, -0.011927, 0.999929, 0.0, 0.0, 0.0, 0.0, 1.0],
                [1.0, 0.0, 1e-06, 0.0, -0.0, 0.999929, 0.011919, 0.374726, -1e-06, -0.011919, 0.999929, -0.0, 0.0, 0.0, 0.0, 1.0],
                [1.0, 0.0, 1e-06, 0.0, -0.0, 0.999929, 0.011898, 0.374726, -1e-06, -0.011898, 0.999929, 0.0, 0.0, 0.0, 0.0, 1.0],
                [1.0, 0.0, 1e-06, -0.0, -0.0, 0.999928, 0.011961, 0.374726, -1e-06, -0.011961, 0.999928, -0.0, 0.0, 0.0, 0.0, 1.0],
                [1.0, 0.0, 1e-06, -0.0, -0.0, 0.999927, 0.012089, 0.374726, -1e-06, -0.012089, 0.999927, 0.0, 0.0, 0.0, 0.0, 1.0],
                [1.0, 0.0, 1e-06, -0.0, -0.0, 0.999928, 0.011961, 0.374726, -1e-06, -0.011961, 0.999928, -0.0, 0.0, 0.0, 0.0, 1.0]
            ]
        },
        {
            "name": "Knee_L",
            "time": [0.0, 0.4167],
            "transform": [
                [1.0, 0.0, -0.0, 0.0, -0.0, 0.00567, -0.999984, 0.374726, -0.0, 0.999984, 0.00567, -0.0, 0.0, 0.0, 0.0, 1.0],
                [1.0, 0.0, -0.0, -0.0, -0.0, 0.00567, -0.999984, 0.374726, -0.0, 0.999984, 0.00567, -0.0, 0.0, 0.0, 0.0, 1.0]
            ]
        },
        {
            "name": "Torso",
            "time": [0.0, 0.05, 0.1, 0.15, 0.1667, 0.2, 0.4167],
            "transform": [
                [0.980461, 0.0, 0.196712, 0.0, 0.0, 1.0, 0.0, 0.05, -0.196712, 0.0, 0.980461, 0.0, 0.0, 0.0, 0.0, 1.0],
                [1.0, 0.0, 0.0, 0.0, 0.0, 1.0, 0.0, 0.05, 0.0, 0.0, 1.0, 0.0, 0.0, 0.0, 0.0, 1.0],
                [1.0, 0.0, 0.0, 0.0, 0.0, 1.0, 0.0, 0.05, 0.0, 0.0, 1.0, 0.0, 0.0, 0.0, 0.0, 1.0],
                [1.0, 0.0, 0.0, 0.0, 0.0, 1.0, 0.0, 0.05, 0.0, 0.0, 1.0, 0.0, 0.0, 0.0, 0.0, 1.0],
                [0.986247, 0.0, -0.16528, 0.0, 0.0, 1.0, 0.0, 0.05, 0.16528, 0.0, 0.986247, 0.0, 0.0, 0.0, 0.0, 1.0],
                [0.986247, 0.0, -0.16528, 0.0, 0.0, 1.0, 0.0, 0.05, 0.16528, 0.0, 0.986247, 0.0, 0.0, 0.0, 0.0, 1.0],
                [0.986247, 0.0, -0.16528, 0.0, 0.0, 1.0, 0.0, 0.05, 0.16528, 0.0, 0.986247, 0.0, 0.0, 0.0, 0.0, 1.0]
            ]
        },
        {
            "name": "Chest",
            "time": [0.0, 0.05, 0.1, 0.15, 0.1667, 0.2, 0.4167],
            "transform": [
                [0.893132, -0.042881, 0.447745, 0.0, 0.133318, 0.975952, -0.172466, 0.3, -0.429582, 0.213728, 0.877371, 0.0, 0.0, 0.0, 0.0, 1.0],
                [0.972774, 0.136719, 0.187133, 0.0, -0.143635, 0.989343, 0.023842, 0.3, -0.181879, -0.050072, 0.982045, 0.0, 0.0, 0.0, 0.0, 1.0],
                [0.980481, 0.192733, -0.038877, 0.0, -0.178807, 0.956302, 0.231333, 0.3, 0.081763, -0.219866, 0.972098, 0.0, 0.0, 0.0, 0.0, 1.0],
                [0.956999, 0.223754, -0.184625, 0.0, -0.148133, 0.924144, 0.352158, 0.3, 0.249417, -0.309666, 0.91755, 0.0, 0.0, 0.0, 0.0, 1.0],
                [0.942397, 0.211233, -0.259362, -0.0, -0.104629, 0.922622, 0.371242, 0.3, 0.317711, -0.322721, 0.891578, 0.0, 0.0, 0.0, 0.0, 1.0],
                [0.942397, 0.211233, -0.259362, -0.0, -0.104629, 0.922623, 0.371242, 0.3, 0.317711, -0.322721, 0.891578, 0.0, 0.0, 0.0, 0.0, 1.0],
                [0.942397, 0.211233, -0.259362, -0.0, -0.104629, 0.922622, 0.371242, 0.3, 0.317711, -0.322721, 0.891578, 0.0, 0.0, 0.0, 0.0, 1.0]
            ]
        },
        {
            "name": "Head",
            "time": [0.0, 0.05, 0.1, 0.15, 0.1667, 0.2, 0.4167],
            "transform": [
                [0.791178, 0.133318, -0.596878, -0.0, -0.0, 0.975952, 0.217987, 0.4, 0.611586, -0.172466, 0.772151, 0.0, 0.0, 0.0, 0.0, 1.0],
                [0.972774, -0.143634, -0.181879, -0.0, 0.136719, 0.989343, -0.050072, 0.4, 0.187133, 0.023842, 0.982045, 0.0, 0.0, 0.0, 0.0, 1.0],
                [0.980481, -0.178807, 0.081763, -0.0, 0.192733, 0.956302, -0.219866, 0.4, -0.038877, 0.231333, 0.972098, -0.0, 0.0, 0.0, 0.0, 1.0],
                [0.957, -0.148133, 0.249417, 0.0, 0.223754, 0.924144, -0.309666, 0.4, -0.184625, 0.352158, 0.91755, -0.0, 0.0, 0.0, 0.0, 1.0],
                [0.876925, -0.104629, 0.469101, -0.0, 0.261667, 0.922622, -0.28337, 0.4, -0.403155, 0.371242, 0.836448, -0.0, 0.0, 0.0, 0.0, 1.0],
                [0.876925, -0.104629, 0.469101, -0.0, 0.261667, 0.922622, -0.28337, 0.4, -0.403155, 0.371242, 0.836448, 0.0, 0.0, 0.0, 0.0, 1.0],
                [0.876925, -0.104629, 0.469101, -0.0, 0.261667, 0.922622, -0.28337, 0.4, -0.403155, 0.371242, 0.836448, -0.0, 0.0, 0.0, 0.0, 1.0]
            ]
        },
        {
            "name": "Shoulder_R",
            "time": [0.0, 0.05, 0.1, 0.15, 0.1667, 0.2, 0.4167],
            "transform": [
                [0.0, 0.952114, 0.305743, 0.0, 0.0, -0.305743, 0.952114, 0.4, 1.0, -0.0, -0.0, -0.0, 0.0, 0.0, 0.0, 1.0],
                [0.0, 0.952114, 0.305743, 0.0, -0.0, -0.305743, 0.952114, 0.4, 1.0, -0.0, -0.0, 0.0, 0.0, 0.0, 0.0, 1.0],
                [0.0, 0.952114, 0.305743, 0.0, -0.0, -0.305743, 0.952114, 0.4, 1.0, -0.0, -0.0, -0.0, 0.0, 0.0, 0.0, 1.0],
                [0.0, 0.952114, 0.305743, 0.0, 0.0, -0.305743, 0.952114, 0.4, 1.0, -0.0, -0.0, -0.0, 0.0, 0.0, 0.0, 1.0],
                [0.0, 0.952114, 0.305743, 0.0, -0.0, -0.305743, 0.952114, 0.4, 1.0, -0.0, -0.0, -0.0, 0.0, 0.0, 0.0, 1.0],
                [0.0, 0.952114, 0.305743, 0.0, 0.0, -0.305743, 0.952114, 0.4, 1.0, -0.0, -0.0, 0.0, 0.0, 0.0, 0.0, 1.0],
                [0.0, 0.952114, 0.305743, 0.0, -0.0, -0.305743, 0.952114, 0.4, 1.0, -0.0, -0.0, -0.0, 0.0, 0.0, 0.0, 1.0]
            ]
        },
        {
            "name": "Arm_R",
            "time": [0.0, 0.05, 0.1, 0.15, 0.1667, 0.2, 0.4167],
            "transform": [
                [-0.478308, -0.678645, -0.557371, 0.0, -0.062461, 0.659362, -0.749226, 0.393861, 0.875968, -0.323548, -0.357767, 0.0, 0.0, 0.0, 0.0, 1.0],
                [-0.422179, -0.60354, -0.676391, -0.0, 0.114979, 0.70447, -0.700359, 0.39386, 0.899191, -0.373447, -0.228018, -0.0, 0.0, 0.0, 0.0, 1.0],
                [-0.071005, -0.130469, -0.988907, -0.0, 0.480231, 0.864475, -0.148533, 0.39386, 0.874264, -0.48545, 0.001273, 0.0, 0.0, 0.0, 0.0, 1.0],
                [-0.413515, 0.23317, -0.880135, -0.0, 0.30759, 0.945597, 0.105997, 0.393861, 0.856968, -0.226889, -0.462739, 0.0, 0.0, 0.0, 0.0, 1.0],
                [-0.326683, 0.142184, -0.934378, -0.0, 0.407279, 0.913298, -0.00342, 0.393861, 0.852879, -0.38167, -0.356267, 0.0, 0.0, 0.0, 0.0, 1.0],
                [-0.326683, 0.142183, -0.934378, 0.0, 0.407279, 0.913298, -0.003421, 0.39386, 0.852879, -0.38167, -0.356267, 0.0, 0.0, 0.0, 0.0, 1.0],
                [-0.326683, 0.142184, -0.934378, -0.0, 0.407279, 0.913298, -0.00342, 0.393861, 0.852879, -0.38167, -0.356267, 0.0, 0.0, 0.0, 0.0, 1.0]
            ]
        },
        {
            "name": "Hand_R",
            "time": [0.0, 0.05, 0.1, 0.15, 0.1667, 0.2, 0.4167],
            "transform": [
                [1.0, -2e-06, 1e-06, -0.0, 2e-06, 0.374625, -0.927176, 0.300003, 1e-06, 0.927177, 0.374625, 0.0, 0.0, 0.0, 0.0, 1.0],
                [1.0, -3e-06, 3e-06, 0.0, 3e-06, 0.221685, -0.975118, 0.300003, 3e-06, 0.975118, 0.221685, 0.0, 0.0, 0.0, 0.0, 1.0],
                [1.0, -3e-06, 3e-06, 0.0, 3e-06, 0.176622, -0.984279, 0.300003, 3e-06, 0.984279, 0.176622, 0.0, 0.0, 0.0, 0.0, 1.0],
                [1.0, -3e-06, 3e-06, -0.0, 3e-06, 0.256065, -0.966659, 0.300002, 3e-06, 0.96666, 0.256065, 0.0, 0.0, 0.0, 0.0, 1.0],
                [1.0, -2e-06, 2e-06, 0.0, 2e-06, 0.39919, -0.916868, 0.300003, 1e-06, 0.916869, 0.39919, 0.0, 0.0, 0.0, 0.0, 1.0],
                [1.0, -2e-06, 2e-06, -0.0, 2e-06, 0.399191, -0.916868, 0.300003, 2e-06, 0.916868, 0.399192, -0.0, 0.0, 0.0, 0.0, 1.0],
                [1.0, -2e-06, 2e-06, 0.0, 2e-06, 0.39919, -0.916868, 0.300003, 1e-06, 0.916869, 0.39919, 0.0, 0.0, 0.0, 0.0, 1.0]
            ]
        },
        {
            "name": "Tool_R",
            "time": [0.0, 0.05, 0.1, 0.15, 0.1667, 0.2, 0.4167],
            "transform": [
                [-0.127685, -0.975509, 0.179115, -0.0, -0.918316, 0.184503, 0.350218, 0.271711, -0.374687, -0.119767, -0.919384, -0.028915, 0.0, 0.0, 0.0, 1.0],
                [0.407167, -0.810426, 0.42122, 0.0, -0.7448, -0.027673, 0.666714, 0.271711, -0.528664, -0.585189, -0.614873, -0.028915, 0.0, 0.0, 0.0, 1.0],
                [0.845286, -0.526498, 0.091059, -0.0, 0.003576, 0.175993, 0.984386, 0.271711, -0.534302, -0.831762, 0.150648, -0.028915, 0.0, 0.0, 0.0, 1.0],
                [0.768885, -0.497386, 0.401775, -0.0, 0.180912, 0.771935, 0.609417, 0.271711, -0.613259, -0.395886, 0.683513, -0.028915, 0.0, 0.0, 0.0, 1.0],
                [0.880324, -0.463066, 0.102957, 0.0, 0.347595, 0.777374, 0.52428, 0.271711, -0.322811, -0.425749, 0.8453, -0.028915, 0.0, 0.0, 0.0, 1.0],
                [0.880324, -0.463066, 0.102957, -0.0, 0.347596, 0.777374, 0.52428, 0.271711, -0.322811, -0.425749, 0.845301, -0.028915, 0.0, 0.0, 0.0, 1.0],
                [0.880324, -0.463066, 0.102957, 0.0, 0.347595, 0.777374, 0.52428, 0.271711, -0.322811, -0.425749, 0.8453, -0.028915, 0.0, 0.0, 0.0, 1.0]
            ]
        },
        {
            "name": "Elbow_R",
            "time": [0.0, 0.4167],
            "transform": [
                [-1.0, 0.0, -0.0, -0.0, 0.0, 0.003946, -0.999992, 0.410414, -0.0, -0.999993, -0.003946, -0.000817, 0.0, 0.0, 0.0, 1.0],
                [-1.0, 0.0, 0.0, -0.0, -0.0, 0.003946, -0.999992, 0.407917, -0.0, -0.999992, -0.003946, -0.000826, 0.0, 0.0, 0.0, 1.0]
            ]
        },
        {
            "name": "Shoulder_L",
            "time": [0.0, 0.05, 0.1, 0.15, 0.1667, 0.2, 0.4167],
            "transform": [
                [-0.0, -0.952114, -0.305743, -0.0, 0.0, -0.305743, 0.952114, 0.4, -1.0, -0.0, 0.0, -0.0, 0.0, 0.0, 0.0, 1.0],
                [-0.0, -0.952114, -0.305743, -0.0, 0.0, -0.305743, 0.952114, 0.4, -1.0, 0.0, 0.0, 0.0, 0.0, 0.0, 0.0, 1.0],
                [-0.0, -0.952114, -0.305743, -0.0, 0.0, -0.305743, 0.952114, 0.4, -1.0, 0.0, 0.0, 0.0, 0.0, 0.0, 0.0, 1.0],
                [-0.0, -0.952114, -0.305743, 0.0, 0.0, -0.305743, 0.952114, 0.4, -1.0, 0.0, 0.0, 0.0, 0.0, 0.0, 0.0, 1.0],
                [-0.0, -0.952114, -0.305743, 0.0, 0.0, -0.305744, 0.952114, 0.4, -1.0, 0.0, 0.0, -0.0, 0.0, 0.0, 0.0, 1.0],
                [-0.0, -0.952114, -0.305743, 0.0, 0.0, -0.305744, 0.952114, 0.4, -1.000001, -0.0, 0.0, -0.0, 0.0, 0.0, 0.0, 1.0],
                [-0.0, -0.952114, -0.305743, 0.0, 0.0, -0.305744, 0.952114, 0.4, -1.0, 0.0, 0.0, -0.0, 0.0, 0.0, 0.0, 1.0]
            ]
        },
        {
            "name": "Arm_L",
            "time": [0.0, 0.05, 0.1, 0.15, 0.1667, 0.2, 0.4167],
            "transform": [
                [-0.187827, -0.340328, 0.921357, 0.0, -0.324916, 0.906768, 0.268702, 0.39386, -0.926903, -0.248894, -0.280893, -0.0, 0.0, 0.0, 0.0, 1.0],
                [0.4478, -0.512311, 0.732811, -0.0, -0.565671, 0.47239, 0.675916, 0.39386, -0.692452, -0.717206, -0.078263, -0.0, 0.0, 0.0, 0.0, 1.0],
                [0.53548, -0.401564, 0.742972, -0.0, -0.601538, 0.436146, 0.669274, 0.39386, -0.592801, -0.805308, -0.008008, -0.0, 0.0, 0.0, 0.0, 1.0],
                [0.57266, 0.034606, 0.819062, -0.0, -0.635597, 0.649754, 0.416935, 0.39386, -0.51776, -0.759356, 0.394085, -0.0, 0.0, 0.0, 0.0, 1.0],
                [0.608723, 0.750542, 0.257181, 0.0, -0.661538, 0.659105, -0.357697, 0.39386, -0.437976, 0.047603, 0.897726, 0.0, 0.0, 0.0, 0.0, 1.0],
                [0.600327, 0.779818, 0.177451, 0.0, -0.674715, 0.61297, -0.411129, 0.39386, -0.429379, 0.127083, 0.894139, 0.0, 0.0, 0.0, 0.0, 1.0],
                [0.608723, 0.750542, 0.257181, 0.0, -0.661538, 0.659105, -0.357697, 0.39386, -0.437976, 0.047603, 0.897726, 0.0, 0.0, 0.0, 0.0, 1.0]
            ]
        },
        {
            "name": "Hand_L",
            "time": [0.0, 0.05, 0.1, 0.15, 0.1667, 0.2, 0.4167],
            "transform": [
                [1.0, 4e-06, -3e-06, 0.0, -3e-06, 0.06565, -0.997842, 0.300003, -3e-06, 0.997843, 0.06565, 0.0, 0.0, 0.0, 0.0, 1.0],
                [1.0, -0.0, 0.0, 0.0, 0.0, 0.440144, -0.897927, 0.300003, 0.0, 0.897927, 0.440144, -0.0, 0.0, 0.0, 0.0, 1.0],
                [1.0, 2e-06, -1e-06, 0.0, -1e-06, 0.473884, -0.880588, 0.300003, -1e-06, 0.880587, 0.473884, -0.0, 0.0, 0.0, 0.0, 1.0],
                [1.0, -1e-06, 1e-06, 0.0, 1e-06, 0.548088, -0.836421, 0.300003, 1e-06, 0.83642, 0.548088, 0.0, 0.0, 0.0, 0.0, 1.0],
                [1.0, 0.0, -0.0, 0.0, -0.0, 0.997801, -0.066277, 0.300003, 0.0, 0.066277, 0.997801, 0.0, 0.0, 0.0, 0.0, 1.0],
                [1.0, 0.0, -0.0, 0.0, -0.0, 1.0, -0.000999, 0.300003, -0.0, 0.000999, 1.0, -0.0, 0.0, 0.0, 0.0, 1.0],
                [1.0, 0.0, -0.0, 0.0, -0.0, 0.997801, -0.066277, 0.300003, 0.0, 0.066277, 0.997801, 0.0, 0.0, 0.0, 0.0, 1.0]
            ]
        },
        {
            "name": "Tool_L",
            "time": [0.0, 0.05, 0.1, 0.15, 0.1667, 0.2, 0.4167],
            "transform": [
                [0.48413, -0.80313, -0.347276, -0.0, -0.805333, -0.253799, -0.535747, 0.271711, 0.342137, 0.539045, -0.769659, -0.028915, 0.0, 0.0, 0.0, 1.0],
                [0.470206, -0.704808, -0.531179, 0.0, -0.867152, -0.480915, -0.129499, 0.271711, -0.16418, 0.521504, -0.837305, -0.028915, 0.0, 0.0, 0.0, 1.0],
                [0.593734, -0.717391, -0.364459, 0.0, -0.803649, -0.551399, -0.223851, 0.271711, -0.040375, 0.425804, -0.903915, -0.028915, 0.0, 0.0, 0.0, 1.0],
                [0.692477, -0.67847, -0.245265, -0.0, -0.657789, -0.454151, -0.600885, 0.271711, 0.296295, 0.577431, -0.760778, -0.028915, 0.0, 0.0, 0.0, 1.0],
                [0.804068, -0.583576, -0.113637, -0.0, -0.391859, -0.376446, -0.839487, 0.271711, 0.447125, 0.719532, -0.531368, -0.028915, 0.0, 0.0, 0.0, 1.0],
                [0.814388, -0.570194, -0.10794, -0.0, -0.367269, -0.362397, -0.856612, 0.271711, 0.449317, 0.737256, -0.504546, -0.028915, 0.0, 0.0, 0.0, 1.0],
                [0.804068, -0.583576, -0.113637, -0.0, -0.391859, -0.376446, -0.839487, 0.271711, 0.447125, 0.719532, -0.531368, -0.028915, 0.0, 0.0, 0.0, 1.0]
            ]
        },
        {
            "name": "Elbow_L",
            "time": [0.0, 0.4167],
            "transform": [
                [-1.0, 0.0, -0.0, 0.0, 0.0, 0.003946, -0.999992, 0.440241, -0.0, -0.999992, -0.003946, -0.000699, 0.0, 0.0, 0.0, 1.0],
                [-1.0, 0.0, -0.0, 0.0, 0.0, 0.003946, -0.999992, 0.305414, -0.0, -0.999993, -0.003946, -0.001231, 0.0, 0.0, 0.0, 1.0]
            ]
        },
        {
            "name": "IK-Thigh_R",
            "time": [0.0, 0.05, 0.1, 0.15, 0.1667, 0.2, 0.4167],
            "transform": [
                [1.0, -0.0, -0.0, 0.124994, -0.0, -0.999984, 0.005958, -0.002831, -0.0, -0.005958, -0.999982, -1.2e-05, 0.0, 0.0, 0.0, 1.0],
                [1.0, -0.0, -0.0, 0.124994, -0.0, -0.999984, 0.00593, -0.002831, -0.0, -0.00593, -0.999982, -1.2e-05, 0.0, 0.0, 0.0, 1.0],
                [1.0, -0.0, -0.0, 0.124994, -0.0, -0.999984, 0.005958, -0.002831, -0.0, -0.005958, -0.999982, -1.2e-05, 0.0, 0.0, 0.0, 1.0],
                [1.0, -0.0, -0.0, 0.124994, -0.0, -0.999984, 0.006025, -0.002831, -0.0, -0.006025, -0.999982, -1.2e-05, 0.0, 0.0, 0.0, 1.0],
                [1.0, -0.0, -0.0, 0.124994, -0.0, -0.999984, 0.006043, -0.002831, -0.0, -0.006043, -0.999982, -1.2e-05, 0.0, 0.0, 0.0, 1.0],
                [1.0, -0.0, -0.0, 0.124994, -0.0, -0.999984, 0.006082, -0.002831, -0.0, -0.006082, -0.999982, -1.2e-05, 0.0, 0.0, 0.0, 1.0],
                [1.0, -0.0, -0.0, 0.124994, -0.0, -0.999984, 0.006043, -0.002831, -0.0, -0.006043, -0.999982, -1.2e-05, 0.0, 0.0, 0.0, 1.0]
            ]
        },
        {
            "name": "IK-Leg_R",
            "time": [0.0, 0.4167],
            "transform": [
                [1.0, 0.0, 1e-06, 0.0, -0.0, 0.999929, 0.011912, 0.374726, -1e-06, -0.011912, 0.999929, -0.0, 0.0, 0.0, 0.0, 1.0],
                [1.0, 0.0, 1e-06, -0.0, -0.0, 0.999927, 0.012081, 0.374726, -1e-06, -0.012081, 0.999927, 0.0, 0.0, 0.0, 0.0, 1.0]
            ]
        },
        {
            "name": "IK-Thigh_L",
            "time": [0.0, 0.05, 0.1, 0.15, 0.1667, 0.2, 0.4167],
            "transform": [
                [1.0, -0.0, -0.0, -0.125006, -0.0, -0.999984, 0.005962, -0.002831, -0.0, -0.005962, -0.999982, -1.2e-05, 0.0, 0.0, 0.0, 1.0],
                [1.0, -0.0, -0.0, -0.125006, -0.0, -0.999984, 0.005966, -0.002831, -0.0, -0.005966, -0.999982, -1.2e-05, 0.0, 0.0, 0.0, 1.0],
                [1.0, -0.0, -0.0, -0.125006, -0.0, -0.999984, 0.005962, -0.002831, -0.0, -0.005962, -0.999982, -1.2e-05, 0.0, 0.0, 0.0, 1.0],
                [1.0, -0.0, -0.0, -0.125006, -0.0, -0.999984, 0.005952, -0.002831, -0.0, -0.005952, -0.999982, -1.2e-05, 0.0, 0.0, 0.0, 1.0],
                [1.0, -0.0, -0.0, -0.125006, -0.0, -0.999984, 0.005983, -0.002831, -0.0, -0.005983, -0.999982, -1.2e-05, 0.0, 0.0, 0.0, 1.0],
                [1.0, -0.0, -0.0, -0.125006, -0.0, -0.999984, 0.006047, -0.002831, -0.0, -0.006047, -0.999982, -1.2e-05, 0.0, 0.0, 0.0, 1.0],
                [1.0, -0.0, -0.0, -0.125006, -0.0, -0.999984, 0.005983, -0.002831, -0.0, -0.005983, -0.999982, -1.2e-05, 0.0, 0.0, 0.0, 1.0]
            ]
        }
    ]
}