{
    "armature": {
        "joints": ["Root", "Thigh_R", "Leg_R", "Knee_R", "Thigh_L", "Leg_L", "Knee_L", "Torso", "Chest", "Head", "Shoulder_R", "Arm_R", "Hand_R", "Tool_R", "Elbow_R", "Shoulder_L", "Arm_L", "Hand_L", "Tool_L", "Elbow_L"],
        "hierarchy": [
            {
                "name": "Root",
                "transform": [1.0, 0.0, 0.0, -5e-06, 0.0, 0.0, -1.0, 0.000946, 0.0, 1.0, 0.0, 0.763972, 0.0, 0.0, 0.0, 1.0],
                "children": [
                    {
                        "name": "Thigh_R",
                        "transform": [1.0, -0.0, -0.0, 0.124994, -0.0, -0.999984, 0.00567, -0.002831, -0.0, -0.00567, -0.999984, -1.2e-05, 0.0, 0.0, 0.0, 1.0],
                        "children": [
                            {
                                "name": "Leg_R",
                                "transform": [1.0, 0.0, 1e-06, -0.0, -0.0, 0.999936, 0.011335, 0.374726, -1e-06, -0.011335, 0.999936, 0.0, 0.0, 0.0, 0.0, 1.0],
                                "children": []
                            },
                            {
                                "name": "Knee_R",
                                "transform": [1.0, 0.0, -0.0, -0.0, -0.0, 0.00567, -0.999984, 0.374726, -0.0, 0.999984, 0.00567, 0.0, 0.0, 0.0, 0.0, 1.0],
                                "children": []
                            }
                        ]
                    },
                    {
                        "name": "Thigh_L",
                        "transform": [1.0, -0.0, -0.0, -0.125006, -0.0, -0.999984, 0.00567, -0.002831, -0.0, -0.00567, -0.999984, -1.2e-05, 0.0, 0.0, 0.0, 1.0],
                        "children": [
                            {
                                "name": "Leg_L",
                                "transform": [1.0, 0.0, 1e-06, -0.0, -0.0, 0.999936, 0.011335, 0.374726, -1e-06, -0.011335, 0.999936, -0.0, 0.0, 0.0, 0.0, 1.0],
                                "children": []
                            },
                            {
                                "name": "Knee_L",
                                "transform": [1.0, 0.0, -0.0, -0.0, -0.0, 0.00567, -0.999984, 0.374726, -0.0, 0.999984, 0.00567, -0.0, 0.0, 0.0, 0.0, 1.0],
                                "children": []
                            }
                        ]
                    },
                    {
                        "name": "Torso",
                        "transform": [1.0, 0.0, 0.0, 0.0, 0.0, 1.0, 0.0, 0.05, 0.0, 0.0, 1.0, 0.0, 0.0, 0.0, 0.0, 1.0],
                        "children": [
                            {
                                "name": "Chest",
                                "transform": [1.0, 0.0, 0.0, 0.0, 0.0, 1.0, 0.0, 0.3, 0.0, 0.0, 1.0, 0.0, 0.0, 0.0, 0.0, 1.0],
                                "children": [
                                    {
                                        "name": "Head",
                                        "transform": [1.0, 0.0, 0.0, 0.0, 0.0, 1.0, 0.0, 0.4, 0.0, 0.0, 1.0, 0.0, 0.0, 0.0, 0.0, 1.0],
                                        "children": []
                                    },
                                    {
                                        "name": "Shoulder_R",
                                        "transform": [0.0, 0.952114, 0.305743, 0.0, 0.0, -0.305743, 0.952114, 0.4, 1.0, 0.0, -0.0, 0.0, 0.0, 0.0, 0.0, 1.0],
                                        "children": [
                                            {
                                                "name": "Arm_R",
                                                "transform": [0.0, 0.003946, -0.999992, -0.0, 0.952114, 0.305741, 0.001207, 0.39386, 0.305743, -0.952107, -0.003757, 0.0, 0.0, 0.0, 0.0, 1.0],
                                                "children": [
                                                    {
                                                        "name": "Hand_R",
                                                        "transform": [1.0, -0.0, 0.0, 0.0, 0.0, 0.999963, -0.008633, 0.300003, -0.0, 0.008633, 0.999963, 0.0, 0.0, 0.0, 0.0, 1.0],
                                                        "children": [
                                                            {
                                                                "name": "Tool_R",
                                                                "transform": [1.0, -0.0, 0.0, 0.0, 0.0, -0.999559, -0.029689, 0.271711, 0.0, 0.029689, -0.999559, -0.028915, 0.0, 0.0, 0.0, 1.0],
                                                                "children": []
                                                            }
                                                        ]
                                                    },
                                                    {
                                                        "name": "Elbow_R",
                                                        "transform": [-1.0, 0.0, -0.0, 0.0, 0.0, 0.003946, -0.999992, 0.300008, -0.0, -0.999992, -0.003946, -0.001252, 0.0, 0.0, 0.0, 1.0],
                                                        "children": []
                                                    }
                                                ]
                                            }
                                        ]
                                    },
                                    {
                                        "name": "Shoulder_L",
                                        "transform": [-0.0, -0.952114, -0.305743, 0.0, 0.0, -0.305743, 0.952114, 0.4, -1.0, 0.0, 0.0, 0.0, 0.0, 0.0, 0.0, 1.0],
                                        "children": [
                                            {
                                                "name": "Arm_L",
                                                "transform": [-0.0, -0.003946, 0.999992, -0.0, -0.952114, 0.305741, 0.001206, 0.39386, -0.305743, -0.952106, -0.003757, 0.0, 0.0, 0.0, 0.0, 1.0],
                                                "children": [
                                                    {
                                                        "name": "Hand_L",
                                                        "transform": [1.0, -0.0, 0.0, -0.0, 0.0, 0.999963, -0.008633, 0.300003, -0.0, 0.008633, 0.999963, -0.0, 0.0, 0.0, 0.0, 1.0],
                                                        "children": [
                                                            {
                                                                "name": "Tool_L",
                                                                "transform": [1.0, -0.0, 0.0, -0.0, 0.0, -0.999559, -0.029689, 0.271711, 0.0, 0.029689, -0.999559, -0.028915, 0.0, 0.0, 0.0, 1.0],
                                                                "children": []
                                                            }
                                                        ]
                                                    },
                                                    {
                                                        "name": "Elbow_L",
                                                        "transform": [-1.0, 0.0, -0.0, -0.0, 0.0, 0.003946, -0.999992, 0.300008, -0.0, -0.999992, -0.003946, -0.001252, 0.0, 0.0, 0.0, 1.0],
                                                        "children": []
                                                    }
                                                ]
                                            }
                                        ]
                                    }
                                ]
                            }
                        ]
                    }
                ]
            },
            {},
            {},
            {},
            {},
            {},
            {},
            {},
            {}
        ]
    },
    "animation": [
        {
            "name": "Root",
            "time": [0.0, 0.1, 0.2, 0.2167, 0.25, 0.3, 0.5],
            "transform": [
                [-0.725854, -0.508675, 0.463019, -5e-06, -0.56151, 0.04939, -0.825995, 0.000946, 0.397294, -0.859541, -0.321476, 0.763972, 0.0, 0.0, 0.0, 1.0],
                [-0.736099, -0.541463, 0.467308, -5e-06, -0.569436, 0.052573, -0.833647, 0.000946, 0.402902, -0.914945, -0.324454, 0.731574, 0.0, 0.0, 0.0, 1.0],
                [-0.22114, -0.29192, 0.124916, -0.049531, -0.171071, 0.028344, -0.222842, 0.044929, 0.121041, -0.493276, -0.08673, 0.762387, 0.0, 0.0, 0.0, 1.0],
                [0.057863, 0.011456, -0.03861, 0.097705, -0.040267, 0.015209, -0.055833, 0.129199, -0.000743, 0.067879, 0.019026, 0.263152, 0.0, 0.0, 0.0, 1.0],
                [0.06337, 0.012546, -0.042284, 0.119207, -0.044099, 0.016657, -0.061147, 0.134942, -0.000814, 0.074339, 0.020837, 0.328453, 0.0, 0.0, 0.0, 1.0],
                [0.820764, 0.1625, -0.547667, 0.02695, -0.571169, 0.215735, -0.791975, 0.000946, -0.010545, 0.962835, 0.269883, 0.732064, 0.0, 0.0, 0.0, 1.0],
                [0.986096, 0.010837, -0.165826, -5e-06, -0.165708, -0.010944, -0.986114, 0.000946, -0.012501, 0.999881, -0.008996, 0.763972, 0.0, 0.0, 0.0, 1.0]
            ]
        },
        {
            "name": "Thigh_R",
            "time": [0.0, 0.5],
            "transform": [
                [0.910658, 0.15688, 0.382219, 0.124994, 0.075741, -0.972817, 0.218831, -0.002831, 0.40616, -0.170331, -0.897787, -1.2e-05, 0.0, 0.0, 0.0, 1.0],
                [0.997237, 0.02446, -0.070145, 0.124994, 0.045649, -0.946699, 0.318863, -0.002831, -0.058607, -0.321183, -0.945202, -1.2e-05, 0.0, 0.0, 0.0, 1.0]
            ]
        },
        {
            "name": "Leg_R",
            "time": [0.0, 0.5],
            "transform": [
                [1.0, -0.0, 1e-06, 0.0, -0.0, 0.954051, 0.299651, 0.374726, -1e-06, -0.299652, 0.954046, 0.0, 0.0, 0.0, 0.0, 1.0],
                [1.0, -0.0, 1e-06, -0.0, -0.0, 0.902208, 0.431306, 0.374726, -1e-06, -0.431307, 0.902203, -0.0, 0.0, 0.0, 0.0, 1.0]
            ]
        },
        {
            "name": "Knee_R",
            "time": [0.0, 0.5],
            "transform": [
                [1.0, 0.0, -0.0, -0.0, -0.0, 0.00567, -0.999984, 0.374726, -0.0, 0.999984, 0.00567, -0.0, 0.0, 0.0, 0.0, 1.0],
                [1.0, 0.0, -0.0, -0.0, -0.0, 0.00567, -0.999984, 0.374726, -0.0, 0.999984, 0.00567, 0.0, 0.0, 0.0, 0.0, 1.0]
            ]
        },
        {
            "name": "Thigh_L",
            "time": [0.0, 0.5],
            "transform": [
                [0.849551, 0.154662, -0.504323, -0.125006, 0.168837, -0.985483, -0.017809, -0.002831, -0.499757, -0.070019, -0.863331, -1.2e-05, 0.0, 0.0, 0.0, 1.0],
                [0.985137, -0.016909, -0.170937, -0.125006, -0.013631, -0.999699, 0.020332, -0.002831, -0.171229, -0.0177, -0.985072, -1.2e-05, 0.0, 0.0, 0.0, 1.0]
            ]
        },
        {
            "name": "Leg_L",
            "time": [0.0, 0.5],
            "transform": [
                [1.0, -1e-06, 1e-06, 0.0, -0.0, 0.251311, 0.967907, 0.374726, -1e-06, -0.967906, 0.251311, -0.0, 0.0, 0.0, 0.0, 1.0],
                [1.0, -0.0, 1e-06, 0.0, -0.0, 0.949988, 0.312285, 0.374726, -1e-06, -0.312285, 0.949988, 0.0, 0.0, 0.0, 0.0, 1.0]
            ]
        },
        {
            "name": "Knee_L",
            "time": [0.0, 0.5],
            "transform": [
                [1.0, 0.0, -0.0, 0.0, -0.0, 0.00567, -0.999984, 0.45685, -0.0, 0.999984, 0.00567, -0.000466, 0.0, 0.0, 0.0, 1.0],
                [1.0, 0.0, -0.0, -0.0, -0.0, 0.00567, -0.999984, 0.374726, -0.0, 0.999984, 0.00567, 0.0, 0.0, 0.0, 0.0, 1.0]
            ]
        },
        {
            "name": "Torso",
            "time": [0.0, 0.2167, 0.3, 0.5],
            "transform": [
                [1.0, -0.0, 0.0, 0.0, -0.0, 1.0, -0.000689, 0.05, 0.0, 0.000689, 1.0, 0.0, 0.0, 0.0, 0.0, 1.0],
                [1.0, 0.0, -0.0, 0.0, 0.0, 1.0, -0.000689, 0.05, 0.0, 0.000689, 1.0, -0.0, 0.0, 0.0, 0.0, 1.0],
                [1.0, -0.0, 0.0, 0.0, 0.0, 1.0, -0.000689, 0.05, -0.0, 0.000689, 1.0, 0.0, 0.0, 0.0, 0.0, 1.0],
                [1.0, 0.0, 0.0, -0.0, 0.0, 1.0, -0.000689, 0.05, 0.0, 0.000689, 1.0, 0.0, 0.0, 0.0, 0.0, 1.0]
            ]
        },
        {
            "name": "Chest",
            "time": [0.0, 0.2167, 0.3, 0.35, 0.5],
            "transform": [
                [0.809609, -0.464169, -0.359278, 0.0, 0.234837, 0.817113, -0.526477, 0.3, 0.537945, 0.341869, 0.770546, -0.0, 0.0, 0.0, 0.0, 1.0],
                [0.946045, -0.193259, -0.260097, 0.0, 0.081048, 0.918291, -0.38752, 0.3, 0.313736, 0.345531, 0.884408, 0.0, 0.0, 0.0, 0.0, 1.0],
                [0.946045, -0.193259, -0.260097, -0.0, 0.081048, 0.918291, -0.38752, 0.3, 0.313736, 0.345531, 0.884408, -0.0, 0.0, 0.0, 0.0, 1.0],
                [0.991522, -0.077351, -0.104412, 0.0, 0.022618, 0.893994, -0.447508, 0.3, 0.127959, 0.441352, 0.888164, -0.0, 0.0, 0.0, 0.0, 1.0],
                [0.998262, 0.0, -0.058931, 0.0, -0.0, 1.0, -0.0, 0.3, 0.058931, -0.0, 0.998262, -0.0, 0.0, 0.0, 0.0, 1.0]
            ]
        },
        {
            "name": "Head",
            "time": [0.0, 0.2167, 0.3, 0.35, 0.5],
            "transform": [
                [0.930081, 0.340147, 0.138746, 0.0, -0.139175, 0.675801, -0.723825, 0.4, -0.339972, 0.653906, 0.675889, 0.0, 0.0, 0.0, 0.0, 1.0],
                [0.895457, 0.021422, 0.444632, 0.0, -0.234289, 0.871984, 0.429829, 0.4, -0.378504, -0.489066, 0.785843, 0.0, 0.0, 0.0, 0.0, 1.0],
                [0.895457, 0.021422, 0.444632, 0.0, -0.234289, 0.871984, 0.429829, 0.4, -0.378504, -0.489066, 0.785843, 0.0, 0.0, 0.0, 0.0, 1.0],
                [0.947164, 0.172153, 0.270637, 0.0, -0.260166, 0.905842, 0.33431, 0.4, -0.187602, -0.387057, 0.902769, -0.0, 0.0, 0.0, 0.0, 1.0],
                [0.984874, -0.009755, 0.172998, 0.0, 0.001538, 0.998867, 0.047574, 0.4, -0.173266, -0.046588, 0.983773, -0.0, 0.0, 0.0, 0.0, 1.0]
            ]
        },
        {
            "name": "Shoulder_R",
            "time": [0.0, 0.2167, 0.3, 0.5],
            "transform": [
                [0.31295, 0.847111, 0.429494, 0.0, 0.173385, -0.495565, 0.851089, 0.4, 0.933809, -0.19188, -0.301963, 0.0, 0.0, 0.0, 0.0, 1.0],
                [0.0, 0.952114, 0.305743, 0.0, 0.0, -0.305743, 0.952114, 0.4, 1.0, -0.0, -0.0, 0.0, 0.0, 0.0, 0.0, 1.0],
                [0.0, 0.952114, 0.305743, 0.0, 0.0, -0.305743, 0.952114, 0.4, 1.0, -0.0, -0.0, 0.0, 0.0, 0.0, 0.0, 1.0],
                [0.0, 0.952114, 0.305743, 0.0, 0.0, -0.305743, 0.952114, 0.4, 1.0, -0.0, -0.0, -0.0, 0.0, 0.0, 0.0, 1.0]
            ]
        },
        {
            "name": "Arm_R",
            "time": [0.0, 0.5],
            "transform": [
                [0.466078, -0.649661, -0.600594, -0.0, 0.000142, 0.678889, -0.734242, 0.39386, 0.884743, 0.342129, 0.316507, -0.0, 0.0, 0.0, 0.0, 1.0],
                [-0.028869, 0.055054, -0.998066, -0.0, 0.919451, 0.393173, -0.004907, 0.393861, 0.392143, -0.917815, -0.06197, 0.0, 0.0, 0.0, 0.0, 1.0]
            ]
        },
        {
            "name": "Hand_R",
            "time": [0.0, 0.5],
            "transform": [
                [1.0, -1e-06, 0.0, 0.0, 1e-06, 0.846438, -0.532488, 0.300002, 0.0, 0.532488, 0.846437, 0.0, 0.0, 0.0, 0.0, 1.0],
                [1.0, -1e-06, 0.0, 0.0, 1e-06, 0.973524, -0.228585, 0.300002, 0.0, 0.228585, 0.973524, -0.0, 0.0, 0.0, 0.0, 1.0]
            ]
        },
        {
            "name": "Tool_R",
            "time": [0.0, 0.5],
            "transform": [
                [1.0, 0.0, 0.0, 0.0, 0.0, -0.999559, -0.029689, 0.271711, 0.0, 0.029689, -0.99956, -0.028915, 0.0, 0.0, 0.0, 1.0],
                [1.0, -0.0, 0.0, -0.0, -0.0, -0.999559, -0.029689, 0.271711, 0.0, 0.029689, -0.99956, -0.028915, 0.0, 0.0, 0.0, 1.0]
            ]
        },
        {
            "name": "Elbow_R",
            "time": [0.0, 0.5],
            "transform": [
                [-1.0, 0.0, -0.0, 0.0, 0.0, 0.003946, -0.999992, 0.35182, -0.0, -0.999992, -0.003946, -0.001048, 0.0, 0.0, 0.0, 1.0],
                [-1.0, 0.0, -0.0, 0.0, 0.0, 0.003946, -0.999992, 0.32081, -0.0, -0.999992, -0.003946, -0.00117, 0.0, 0.0, 0.0, 1.0]
            ]
        },
        {
            "name": "Shoulder_L",
            "time": [0.0, 0.2167, 0.3, 0.5],
            "transform": [
                [0.10118, -0.983092, 0.152618, 0.0, 0.2591, 0.174151, 0.95002, 0.4, -0.960536, -0.05658, 0.27234, 0.0, 0.0, 0.0, 0.0, 1.0],
                [-0.0, -0.952114, -0.305743, 0.0, 0.0, -0.305743, 0.952114, 0.4, -1.0, 0.0, 0.0, 0.0, 0.0, 0.0, 0.0, 1.0],
                [0.0, -0.952114, -0.305743, 0.0, 0.0, -0.305743, 0.952114, 0.4, -1.0, 0.0, 0.0, 0.0, 0.0, 0.0, 0.0, 1.0],
                [-0.0, -0.952114, -0.305743, 0.0, 0.0, -0.305743, 0.952114, 0.4, -1.0, -0.0, 0.0, -0.0, 0.0, 0.0, 0.0, 1.0]
            ]
        },
        {
            "name": "Arm_L",
            "time": [0.0, 0.5],
            "transform": [
                [0.912712, 0.402556, 0.070036, 0.0, -0.009836, 0.192999, -0.981149, 0.39386, -0.408484, 0.894817, 0.180111, -0.0, 0.0, 0.0, 0.0, 1.0],
                [0.028271, -0.227025, 0.973478, 0.0, -0.930427, 0.350001, 0.108644, 0.39386, -0.365383, -0.908822, -0.201336, 0.0, 0.0, 0.0, 0.0, 1.0]
            ]
        },
        {
            "name": "Hand_L",
            "time": [0.0, 0.5],
            "transform": [
                [1.0, -1e-06, 0.0, 0.0, 1e-06, 0.932307, -0.361666, 0.300003, 0.0, 0.361666, 0.932308, -0.0, 0.0, 0.0, 0.0, 1.0],
                [1.0, -0.0, 0.0, -0.0, 0.0, 0.943386, -0.331695, 0.300002, -0.0, 0.331695, 0.943387, 0.0, 0.0, 0.0, 0.0, 1.0]
            ]
        },
        {
            "name": "Tool_L",
            "time": [0.0, 0.5],
            "transform": [
                [1.0, 0.0, 0.0, 0.0, -0.0, -0.999559, -0.029689, 0.271711, 0.0, 0.029689, -0.999559, -0.028915, 0.0, 0.0, 0.0, 1.0],
                [1.0, -0.0, 0.0, -0.0, 0.0, -0.999559, -0.029689, 0.271711, 0.0, 0.029689, -0.99956, -0.028915, 0.0, 0.0, 0.0, 1.0]
            ]
        },
        {
            "name": "Elbow_L",
            "time": [0.0, 0.5],
            "transform": [
                [-1.0, 0.0, -0.0, 0.0, 0.0, 0.003946, -0.999992, 0.333876, -0.0, -0.999993, -0.003946, -0.001119, 0.0, 0.0, 0.0, 1.0],
                [-1.0, 0.0, -0.0, 0.0, 0.0, 0.003946, -0.999992, 0.330882, -0.0, -0.999992, -0.003946, -0.00113, 0.0, 0.0, 0.0, 1.0]
            ]
        }
    ]
}