    {
    "armature": {
        "joints": ["Root", "Thigh_R", "Leg_R", "Knee_R", "Thigh_L", "Leg_L", "Knee_L", "Torso", "Chest", "Head", "Shoulder_R", "Arm_R", "Hand_R", "Tool_R", "Elbow_R", "Shoulder_L", "Arm_L", "Hand_L", "Tool_L", "Elbow_L", "IK-Thigh_R", "IK-Leg_R", "IK-Thigh_L"],
        "hierarchy": [
            {
                "name": "Root",
                "transform": [1.0, 0.0, 0.0, -5e-06, 0.0, 0.0, -1.0, 0.000946, 0.0, 1.0, 0.0, 0.763972, 0.0, 0.0, 0.0, 1.0],
                "children": [
                    {
                        "name": "Thigh_R",
                        "transform": [1.0, -0.0, -0.0, 0.124994, -0.0, -0.999984, 0.00567, -0.002831, -0.0, -0.00567, -0.999984, -1.2e-05, 0.0, 0.0, 0.0, 1.0],
                        "children": [
                            {
                                "name": "Leg_R",
                                "transform": [1.0, 0.0, 1e-06, -0.0, -0.0, 0.999936, 0.011335, 0.374726, -1e-06, -0.011335, 0.999936, 0.0, 0.0, 0.0, 0.0, 1.0],
                                "children": []
                            },
                            {
                                "name": "Knee_R",
                                "transform": [1.0, 0.0, -0.0, -0.0, -0.0, 0.00567, -0.999984, 0.374726, -0.0, 0.999984, 0.00567, 0.0, 0.0, 0.0, 0.0, 1.0],
                                "children": []
                            }
                        ]
                    },
                    {
                        "name": "Thigh_L",
                        "transform": [1.0, -0.0, -0.0, -0.125006, -0.0, -0.999984, 0.00567, -0.002831, -0.0, -0.00567, -0.999984, -1.2e-05, 0.0, 0.0, 0.0, 1.0],
                        "children": [
                            {
                                "name": "Leg_L",
                                "transform": [1.0, 0.0, 1e-06, -0.0, -0.0, 0.999936, 0.011335, 0.374726, -1e-06, -0.011335, 0.999936, -0.0, 0.0, 0.0, 0.0, 1.0],
                                "children": []
                            },
                            {
                                "name": "Knee_L",
                                "transform": [1.0, 0.0, -0.0, -0.0, -0.0, 0.00567, -0.999984, 0.374726, -0.0, 0.999984, 0.00567, -0.0, 0.0, 0.0, 0.0, 1.0],
                                "children": []
                            }
                        ]
                    },
                    {
                        "name": "Torso",
                        "transform": [1.0, 0.0, 0.0, 0.0, 0.0, 1.0, 0.0, 0.05, 0.0, 0.0, 1.0, 0.0, 0.0, 0.0, 0.0, 1.0],
                        "children": [
                            {
                                "name": "Chest",
                                "transform": [1.0, 0.0, 0.0, 0.0, 0.0, 1.0, 0.0, 0.3, 0.0, 0.0, 1.0, 0.0, 0.0, 0.0, 0.0, 1.0],
                                "children": [
                                    {
                                        "name": "Head",
                                        "transform": [1.0, 0.0, 0.0, 0.0, 0.0, 1.0, 0.0, 0.4, 0.0, 0.0, 1.0, 0.0, 0.0, 0.0, 0.0, 1.0],
                                        "children": []
                                    },
                                    {
                                        "name": "Shoulder_R",
                                        "transform": [0.0, 0.952114, 0.305743, 0.0, 0.0, -0.305743, 0.952114, 0.4, 1.0, 0.0, -0.0, 0.0, 0.0, 0.0, 0.0, 1.0],
                                        "children": [
                                            {
                                                "name": "Arm_R",
                                                "transform": [0.0, 0.003946, -0.999992, -0.0, 0.952114, 0.305741, 0.001207, 0.39386, 0.305743, -0.952107, -0.003757, 0.0, 0.0, 0.0, 0.0, 1.0],
                                                "children": [
                                                    {
                                                        "name": "Hand_R",
                                                        "transform": [1.0, -0.0, 0.0, 0.0, 0.0, 0.999963, -0.008633, 0.300003, -0.0, 0.008633, 0.999963, 0.0, 0.0, 0.0, 0.0, 1.0],
                                                        "children": [
                                                            {
                                                                "name": "Tool_R",
                                                                "transform": [1.0, -0.0, 0.0, 0.0, 0.0, -0.999559, -0.029689, 0.271711, 0.0, 0.029689, -0.999559, -0.028915, 0.0, 0.0, 0.0, 1.0],
                                                                "children": []
                                                            }
                                                        ]
                                                    },
                                                    {
                                                        "name": "Elbow_R",
                                                        "transform": [-1.0, 0.0, -0.0, 0.0, 0.0, 0.003946, -0.999992, 0.300008, -0.0, -0.999992, -0.003946, -0.001252, 0.0, 0.0, 0.0, 1.0],
                                                        "children": []
                                                    }
                                                ]
                                            }
                                        ]
                                    },
                                    {
                                        "name": "Shoulder_L",
                                        "transform": [-0.0, -0.952114, -0.305743, 0.0, 0.0, -0.305743, 0.952114, 0.4, -1.0, 0.0, 0.0, 0.0, 0.0, 0.0, 0.0, 1.0],
                                        "children": [
                                            {
                                                "name": "Arm_L",
                                                "transform": [-0.0, -0.003946, 0.999992, -0.0, -0.952114, 0.305741, 0.001206, 0.39386, -0.305743, -0.952106, -0.003757, 0.0, 0.0, 0.0, 0.0, 1.0],
                                                "children": [
                                                    {
                                                        "name": "Hand_L",
                                                        "transform": [1.0, -0.0, 0.0, -0.0, 0.0, 0.999963, -0.008633, 0.300003, -0.0, 0.008633, 0.999963, -0.0, 0.0, 0.0, 0.0, 1.0],
                                                        "children": [
                                                            {
                                                                "name": "Tool_L",
                                                                "transform": [1.0, -0.0, 0.0, -0.0, 0.0, -0.999559, -0.029689, 0.271711, 0.0, 0.029689, -0.999559, -0.028915, 0.0, 0.0, 0.0, 1.0],
                                                                "children": []
                                                            }
                                                        ]
                                                    },
                                                    {
                                                        "name": "Elbow_L",
                                                        "transform": [-1.0, 0.0, -0.0, -0.0, 0.0, 0.003946, -0.999992, 0.300008, -0.0, -0.999992, -0.003946, -0.001252, 0.0, 0.0, 0.0, 1.0],
                                                        "children": []
                                                    }
                                                ]
                                            }
                                        ]
                                    }
                                ]
                            }
                        ]
                    },
                    {
                        "name": "IK-Thigh_R",
                        "transform": [1.0, -0.0, -0.0, 0.124994, -0.0, -0.999984, 0.00567, -0.002831, -0.0, -0.00567, -0.999984, -1.2e-05, 0.0, 0.0, 0.0, 1.0],
                        "children": [
                            {
                                "name": "IK-Leg_R",
                                "transform": [1.0, 0.0, 1e-06, -0.0, -0.0, 0.999936, 0.011335, 0.374726, -1e-06, -0.011335, 0.999936, 0.0, 0.0, 0.0, 0.0, 1.0],
                                "children": []
                            }
                        ]
                    },
                    {
                        "name": "IK-Thigh_L",
                        "transform": [1.0, -0.0, -0.0, -0.125006, -0.0, -0.999984, 0.00567, -0.002831, -0.0, -0.00567, -0.999984, -1.2e-05, 0.0, 0.0, 0.0, 1.0],
                        "children": []
                    }
                ]
            },
            {},
            {},
            {},
            {},
            {},
            {},
            {},
            {}
        ]
    },
    "animation": [
        {
            "name": "Root",
            "time": [0.0, 0.3333, 0.6667, 0.8333, 1.0, 1.1667, 1.3333, 1.5, 1.6667, 1.8333],
            "transform": [
                [1.0, 0.0, 0.0, -5e-06, 0.0, 0.0, -1.0, 0.000946, 0.0, 1.0, 0.0, 0.763972, 0.0, 0.0, 0.0, 1.0],
                [0.954198, 0.0, -0.299176, 0.00489, -0.299176, 0.0, -0.954198, 0.126651, 0.0, 1.0, 0.0, 0.712136, 0.0, 0.0, 0.0, 1.0],
                [0.820987, 0.0, -0.570946, 0.009785, -0.570946, 0.0, -0.820987, 0.252355, 0.0, 1.0, 0.0, 0.6603, 0.0, 0.0, 0.0, 1.0],
                [0.820987, 0.0, -0.570946, 0.009785, -0.570946, 0.0, -0.820987, 0.252355, 0.0, 1.0, 0.0, 0.6603, 0.0, 0.0, 0.0, 1.0],
                [0.820987, 0.0, -0.570946, 0.009785, -0.570946, 0.0, -0.820987, 0.252355, 0.0, 1.0, 0.0, 0.6603, 0.0, 0.0, 0.0, 1.0],
                [0.820987, 0.0, -0.570946, 0.009785, -0.570946, 0.0, -0.820987, 0.252355, 0.0, 1.0, 0.0, 0.6603, 0.0, 0.0, 0.0, 1.0],
                [0.820987, 0.0, -0.570946, 0.009785, -0.570946, 0.0, -0.820987, 0.252355, 0.0, 1.0, 0.0, 0.6603, 0.0, 0.0, 0.0, 1.0],
                [0.820987, 0.0, -0.570946, 0.009785, -0.570946, 0.0, -0.820987, 0.252355, 0.0, 1.0, 0.0, 0.6603, 0.0, 0.0, 0.0, 1.0],
                [0.820987, 0.0, -0.570946, 0.009785, -0.570946, 0.0, -0.820987, 0.252355, 0.0, 1.0, 0.0, 0.6603, 0.0, 0.0, 0.0, 1.0],
                [0.820987, 0.0, -0.570946, 0.009785, -0.570946, 0.0, -0.820987, 0.252355, 0.0, 1.0, 0.0, 0.6603, 0.0, 0.0, 0.0, 1.0]
            ]
        },
        {
            "name": "Thigh_R",
            "time": [0.0, 0.3333, 0.6667, 0.8333, 1.0, 1.1667, 1.3333, 1.5, 1.6667, 1.8333],
            "transform": [
                [1.0, -0.0, -0.0, 0.124994, -0.0, -0.999984, 0.005698, -0.002831, -0.0, -0.005698, -0.999984, -1.2e-05, 0.0, 0.0, 0.0, 1.0],
                [0.605119, 0.416039, 0.678779, 0.124994, 0.170339, -0.900509, 0.400087, -0.002831, 0.777698, -0.126478, -0.615783, -1.2e-05, 0.0, 0.0, 0.0, 1.0],
                [0.547959, 0.665095, 0.507338, 0.124994, 0.409828, -0.742171, 0.530307, -0.002831, 0.729234, -0.082665, -0.679253, -1.2e-05, 0.0, 0.0, 0.0, 1.0],
                [0.547959, 0.665095, 0.507338, 0.124994, 0.409828, -0.742171, 0.530307, -0.002831, 0.729234, -0.082665, -0.679253, -1.2e-05, 0.0, 0.0, 0.0, 1.0],
                [0.547959, 0.665095, 0.507338, 0.124994, 0.409828, -0.742171, 0.530307, -0.002831, 0.729234, -0.082665, -0.679253, -1.2e-05, 0.0, 0.0, 0.0, 1.0],
                [0.547959, 0.665095, 0.507338, 0.124994, 0.409828, -0.742171, 0.530307, -0.002831, 0.729234, -0.082665, -0.679253, -1.2e-05, 0.0, 0.0, 0.0, 1.0],
                [0.547959, 0.665095, 0.507338, 0.124994, 0.409828, -0.742171, 0.530307, -0.002831, 0.729234, -0.082665, -0.679253, -1.2e-05, 0.0, 0.0, 0.0, 1.0],
                [0.547959, 0.665095, 0.507338, 0.124994, 0.409828, -0.742171, 0.530307, -0.002831, 0.729234, -0.082665, -0.679253, -1.2e-05, 0.0, 0.0, 0.0, 1.0],
                [0.547959, 0.665095, 0.507338, 0.124994, 0.409828, -0.742171, 0.530307, -0.002831, 0.729234, -0.082665, -0.679253, -1.2e-05, 0.0, 0.0, 0.0, 1.0],
                [0.547959, 0.665095, 0.507338, 0.124994, 0.409828, -0.742171, 0.530307, -0.002831, 0.729234, -0.082665, -0.679253, -1.2e-05, 0.0, 0.0, 0.0, 1.0]
            ]
        },
        {
            "name": "Leg_R",
            "time": [0.0, 0.3333, 0.6667, 0.8333, 1.0, 1.1667, 1.3333, 1.5, 1.6667, 1.8333],
            "transform": [
                [1.0, 0.0, 1e-06, 0.0, -0.0, 0.999935, 0.011392, 0.374726, -1e-06, -0.011392, 0.999935, -0.0, 0.0, 0.0, 0.0, 1.0],
                [1.0, 1.7e-05, 1e-05, 0.0, -1.8e-05, 0.556555, 0.83081, 0.374726, 9e-06, -0.830811, 0.556555, 0.0, 0.0, 0.0, 0.0, 1.0],
                [1.0, 2e-05, 1.6e-05, -0.0, -2.1e-05, 0.295655, 0.955294, 0.374726, 1.5e-05, -0.955295, 0.295656, -0.0, 0.0, 0.0, 0.0, 1.0],
                [1.0, 2e-05, 1.6e-05, -0.0, -2.1e-05, 0.295655, 0.955294, 0.374726, 1.5e-05, -0.955295, 0.295656, -0.0, 0.0, 0.0, 0.0, 1.0],
                [1.0, 2e-05, 1.6e-05, -0.0, -2.1e-05, 0.295655, 0.955294, 0.374726, 1.5e-05, -0.955295, 0.295656, -0.0, 0.0, 0.0, 0.0, 1.0],
                [1.0, 2e-05, 1.6e-05, -0.0, -2.1e-05, 0.295655, 0.955294, 0.374726, 1.5e-05, -0.955295, 0.295656, -0.0, 0.0, 0.0, 0.0, 1.0],
                [1.0, 2e-05, 1.6e-05, -0.0, -2.1e-05, 0.295655, 0.955294, 0.374726, 1.5e-05, -0.955295, 0.295656, -0.0, 0.0, 0.0, 0.0, 1.0],
                [1.0, 2e-05, 1.6e-05, -0.0, -2.1e-05, 0.295655, 0.955294, 0.374726, 1.5e-05, -0.955295, 0.295656, -0.0, 0.0, 0.0, 0.0, 1.0],
                [1.0, 2e-05, 1.6e-05, -0.0, -2.1e-05, 0.295655, 0.955294, 0.374726, 1.5e-05, -0.955295, 0.295656, -0.0, 0.0, 0.0, 0.0, 1.0],
                [1.0, 2e-05, 1.6e-05, -0.0, -2.1e-05, 0.295655, 0.955294, 0.374726, 1.5e-05, -0.955295, 0.295656, -0.0, 0.0, 0.0, 0.0, 1.0]
            ]
        },
        {
            "name": "Knee_R",
            "time": [0.0, 1.8333],
            "transform": [
                [1.0, 0.0, -0.0, 0.0, -0.0, 0.00567, -0.999984, 0.374726, -0.0, 0.999984, 0.00567, -0.0, 0.0, 0.0, 0.0, 1.0],
                [1.0, 0.0, -0.0, -0.0, -0.0, 0.00567, -0.999984, 0.452007, -0.0, 0.999984, 0.00567, -0.000438, 0.0, 0.0, 0.0, 1.0]
            ]
        },
        {
            "name": "Thigh_L",
            "time": [0.0, 0.3333, 0.6667, 0.8333, 1.0, 1.1667, 1.3333, 1.5, 1.6667, 1.8333],
            "transform": [
                [1.0, -0.0, -0.0, -0.125006, -0.0, -0.999984, 0.005698, -0.002831, -0.0, -0.005698, -0.999984, -1.2e-05, 0.0, 0.0, 0.0, 1.0],
                [0.944051, -0.272153, -0.186281, -0.125006, 0.02428, -0.505945, 0.862224, -0.002831, -0.328905, -0.818507, -0.47103, -1.2e-05, 0.0, 0.0, 0.0, 1.0],
                [0.786017, -0.405725, -0.466438, -0.125006, 0.046104, -0.713932, 0.698697, -0.002831, -0.616483, -0.570693, -0.542457, -1.2e-05, 0.0, 0.0, 0.0, 1.0],
                [0.786017, -0.405725, -0.466438, -0.125006, 0.046104, -0.713932, 0.698697, -0.002831, -0.616483, -0.570693, -0.542457, -1.2e-05, 0.0, 0.0, 0.0, 1.0],
                [0.786017, -0.405725, -0.466438, -0.125006, 0.046104, -0.713932, 0.698697, -0.002831, -0.616483, -0.570693, -0.542457, -1.2e-05, 0.0, 0.0, 0.0, 1.0],
                [0.786017, -0.405725, -0.466438, -0.125006, 0.046104, -0.713932, 0.698697, -0.002831, -0.616483, -0.570693, -0.542457, -1.2e-05, 0.0, 0.0, 0.0, 1.0],
                [0.786017, -0.405725, -0.466438, -0.125006, 0.046104, -0.713932, 0.698697, -0.002831, -0.616483, -0.570693, -0.542457, -1.2e-05, 0.0, 0.0, 0.0, 1.0],
                [0.786017, -0.405725, -0.466438, -0.125006, 0.046104, -0.713932, 0.698697, -0.002831, -0.616483, -0.570693, -0.542457, -1.2e-05, 0.0, 0.0, 0.0, 1.0],
                [0.786017, -0.405725, -0.466438, -0.125006, 0.046104, -0.713932, 0.698697, -0.002831, -0.616483, -0.570693, -0.542457, -1.2e-05, 0.0, 0.0, 0.0, 1.0],
                [0.786017, -0.405725, -0.466438, -0.125006, 0.046104, -0.713932, 0.698697, -0.002831, -0.616483, -0.570693, -0.542457, -1.2e-05, 0.0, 0.0, 0.0, 1.0]
            ]
        },
        {
            "name": "Leg_L",
            "time": [0.0, 0.3333, 0.6667, 0.8333, 1.0, 1.1667, 1.3333, 1.5, 1.6667, 1.8333],
            "transform": [
                [1.0, 0.0, 1e-06, -0.0, -0.0, 0.999935, 0.011392, 0.374726, -1e-06, -0.011392, 0.999935, 0.0, 0.0, 0.0, 0.0, 1.0],
                [1.0, 2e-05, 1.6e-05, -0.0, -2.1e-05, 0.249872, 0.968278, 0.374726, 1.6e-05, -0.968279, 0.249872, -0.0, 0.0, 0.0, 0.0, 1.0],
                [1.0, 6e-06, 1e-06, -0.0, -6e-06, 0.963999, 0.265903, 0.374726, 0.0, -0.265904, 0.964, 0.0, 0.0, 0.0, 0.0, 1.0],
                [1.0, 6e-06, 1e-06, -0.0, -6e-06, 0.963999, 0.265903, 0.374726, 0.0, -0.265904, 0.964, 0.0, 0.0, 0.0, 0.0, 1.0],
                [1.0, 6e-06, 1e-06, -0.0, -6e-06, 0.963999, 0.265903, 0.374726, 0.0, -0.265904, 0.964, 0.0, 0.0, 0.0, 0.0, 1.0],
                [1.0, 6e-06, 1e-06, -0.0, -6e-06, 0.963999, 0.265903, 0.374726, 0.0, -0.265904, 0.964, 0.0, 0.0, 0.0, 0.0, 1.0],
                [1.0, 6e-06, 1e-06, -0.0, -6e-06, 0.963999, 0.265903, 0.374726, 0.0, -0.265904, 0.964, 0.0, 0.0, 0.0, 0.0, 1.0],
                [1.0, 6e-06, 1e-06, -0.0, -6e-06, 0.963999, 0.265903, 0.374726, 0.0, -0.265904, 0.964, 0.0, 0.0, 0.0, 0.0, 1.0],
                [1.0, 6e-06, 1e-06, -0.0, -6e-06, 0.963999, 0.265903, 0.374726, 0.0, -0.265904, 0.964, 0.0, 0.0, 0.0, 0.0, 1.0],
                [1.0, 6e-06, 1e-06, -0.0, -6e-06, 0.963999, 0.265903, 0.374726, 0.0, -0.265904, 0.964, 0.0, 0.0, 0.0, 0.0, 1.0]
            ]
        },
        {
            "name": "Knee_L",
            "time": [0.0, 1.8333],
            "transform": [
                [1.0, 0.0, -0.0, -0.0, -0.0, 0.00567, -0.999984, 0.374726, -0.0, 0.999984, 0.00567, 0.0, 0.0, 0.0, 0.0, 1.0],
                [1.0, 0.0, -0.0, -0.0, -0.0, 0.00567, -0.999984, 0.374726, -0.0, 0.999984, 0.00567, -0.0, 0.0, 0.0, 0.0, 1.0]
            ]
        },
        {
            "name": "Torso",
            "time": [0.0, 0.3333, 0.6667, 0.8333, 1.0, 1.1667, 1.3333, 1.5, 1.6667, 1.8333],
            "transform": [
                [1.0, 0.0, 0.0, 0.0, 0.0, 1.0, 0.0, 0.05, 0.0, 0.0, 1.0, 0.0, 0.0, 0.0, 0.0, 1.0],
                [0.99985, -0.007904, -0.015391, -0.0, 0.007226, 0.99902, -0.043666, 0.05, 0.015722, 0.043548, 0.998928, -0.0, 0.0, 0.0, 0.0, 1.0],
                [0.999401, -0.01647, -0.030419, 0.0, 0.013757, 0.996083, -0.087353, 0.05, 0.031738, 0.086882, 0.995713, 0.0, 0.0, 0.0, 0.0, 1.0],
                [0.999401, -0.01647, -0.030419, 0.0, 0.013757, 0.996083, -0.087353, 0.05, 0.031738, 0.086882, 0.995713, 0.0, 0.0, 0.0, 0.0, 1.0],
                [0.999401, -0.01647, -0.030419, 0.0, 0.013757, 0.996083, -0.087353, 0.05, 0.031738, 0.086882, 0.995713, 0.0, 0.0, 0.0, 0.0, 1.0],
                [0.999401, -0.01647, -0.030419, 0.0, 0.013757, 0.996083, -0.087353, 0.05, 0.031738, 0.086882, 0.995713, 0.0, 0.0, 0.0, 0.0, 1.0],
                [0.999401, -0.01647, -0.030419, 0.0, 0.013757, 0.996083, -0.087353, 0.05, 0.031738, 0.086882, 0.995713, 0.0, 0.0, 0.0, 0.0, 1.0],
                [0.999401, -0.01647, -0.030419, 0.0, 0.013757, 0.996083, -0.087353, 0.05, 0.031738, 0.086882, 0.995713, 0.0, 0.0, 0.0, 0.0, 1.0],
                [0.999401, -0.01647, -0.030419, 0.0, 0.013757, 0.996083, -0.087353, 0.05, 0.031738, 0.086882, 0.995713, 0.0, 0.0, 0.0, 0.0, 1.0],
                [0.999401, -0.01647, -0.030419, 0.0, 0.013757, 0.996083, -0.087353, 0.05, 0.031738, 0.086882, 0.995713, 0.0, 0.0, 0.0, 0.0, 1.0]
            ]
        },
        {
            "name": "Chest",
            "time": [0.0, 0.3333, 0.6667, 0.8333, 1.0, 1.1667, 1.3333, 1.5, 1.6667, 1.8333],
            "transform": [
                [1.0, 0.0, 0.0, 0.0, 0.0, 1.0, 0.0, 0.3, 0.0, 0.0, 1.0, 0.0, 0.0, 0.0, 0.0, 1.0],
                [0.999908, -0.013162, -0.003179, -0.0, 0.013437, 0.993544, 0.112648, 0.3, 0.001676, -0.112681, 0.99363, -0.0, 0.0, 0.0, 0.0, 1.0],
                [0.999481, -0.030636, -0.009991, -0.0, 0.03219, 0.96343, 0.266018, 0.3, 0.001476, -0.266202, 0.963916, -0.0, 0.0, 0.0, 0.0, 1.0],
                [0.999486, -0.030495, -0.009923, -0.0, 0.032034, 0.963782, 0.26476, 0.3, 0.001489, -0.264941, 0.964263, -0.0, 0.0, 0.0, 0.0, 1.0],
                [0.99949, -0.030354, -0.009855, -0.0, 0.031878, 0.964132, 0.2635, 0.3, 0.001503, -0.26368, 0.964609, -0.0, 0.0, 0.0, 0.0, 1.0],
                [0.999496, -0.030212, -0.009787, -0.0, 0.031722, 0.964481, 0.26224, 0.3, 0.001516, -0.262419, 0.964953, -0.0, 0.0, 0.0, 0.0, 1.0],
                [0.9995, -0.030071, -0.009719, -0.0, 0.031565, 0.964828, 0.26098, 0.3, 0.00153, -0.261157, 0.965295, -0.0, 0.0, 0.0, 0.0, 1.0],
                [0.999505, -0.029929, -0.009652, -0.0, 0.031409, 0.965173, 0.25972, 0.3, 0.001543, -0.259894, 0.965636, -0.0, 0.0, 0.0, 0.0, 1.0],
                [0.99951, -0.029788, -0.009585, -0.0, 0.031253, 0.965517, 0.258458, 0.3, 0.001556, -0.258631, 0.965975, -0.0, 0.0, 0.0, 0.0, 1.0],
                [0.999515, -0.029646, -0.009518, -0.0, 0.031097, 0.965858, 0.257197, 0.3, 0.001568, -0.257368, 0.966312, -0.0, 0.0, 0.0, 0.0, 1.0]
            ]
        },
        {
            "name": "Head",
            "time": [0.0, 0.3333, 0.6667, 0.8333, 1.0, 1.1667, 1.3333, 1.5, 1.6667, 1.8333],
            "transform": [
                [1.0, 0.0, 0.0, 0.0, 0.0, 1.0, 0.0, 0.4, 0.0, 0.0, 1.0, 0.0, 0.0, 0.0, 0.0, 1.0],
                [0.976514, 0.001573, 0.215448, -0.0, 0.000122, 0.999969, -0.007853, 0.4, -0.215454, 0.007695, 0.976484, 0.0, 0.0, 0.0, 0.0, 1.0],
                [0.907161, 0.004766, 0.420758, 0.0, 0.001933, 0.999878, -0.015494, 0.4, -0.42078, 0.014869, 0.907041, -0.0, 0.0, 0.0, 0.0, 1.0],
                [0.907161, 0.004766, 0.420758, -0.0, 0.001933, 0.999878, -0.015494, 0.4, -0.42078, 0.014869, 0.907041, 0.0, 0.0, 0.0, 0.0, 1.0],
                [0.907161, 0.004766, 0.420758, 0.0, 0.001933, 0.999878, -0.015494, 0.4, -0.42078, 0.014869, 0.907041, 0.0, 0.0, 0.0, 0.0, 1.0],
                [0.907161, 0.004766, 0.420758, -0.0, 0.001933, 0.999878, -0.015494, 0.4, -0.42078, 0.014869, 0.907041, 0.0, 0.0, 0.0, 0.0, 1.0],
                [0.907161, 0.004766, 0.420758, 0.0, 0.001933, 0.999878, -0.015494, 0.4, -0.42078, 0.014869, 0.907041, -0.0, 0.0, 0.0, 0.0, 1.0],
                [0.907161, 0.004766, 0.420758, -0.0, 0.001933, 0.999878, -0.015494, 0.4, -0.42078, 0.014869, 0.907041, -0.0, 0.0, 0.0, 0.0, 1.0],
                [0.907161, 0.004766, 0.420758, -0.0, 0.001933, 0.999878, -0.015494, 0.4, -0.42078, 0.014869, 0.907041, 0.0, 0.0, 0.0, 0.0, 1.0],
                [0.907161, 0.004766, 0.420758, -0.0, 0.001933, 0.999878, -0.015494, 0.4, -0.42078, 0.014869, 0.907041, 0.0, 0.0, 0.0, 0.0, 1.0]
            ]
        },
        {
            "name": "Shoulder_R",
            "time": [0.0, 0.3333, 0.6667, 0.8333, 1.0, 1.1667, 1.3333, 1.5, 1.6667, 1.8333],
            "transform": [
                [0.0, 0.952114, 0.305743, 0.0, 0.0, -0.305743, 0.952114, 0.4, 1.0, 0.0, -0.0, 0.0, 0.0, 0.0, 0.0, 1.0],
                [0.0, 0.952114, 0.305743, -0.0, 0.0, -0.305743, 0.952114, 0.4, 1.0, 0.0, -0.0, 0.0, 0.0, 0.0, 0.0, 1.0],
                [0.0, 0.952114, 0.305743, 0.0, 0.0, -0.305743, 0.952114, 0.4, 1.0, 0.0, -0.0, -0.0, 0.0, 0.0, 0.0, 1.0],
                [0.0, 0.952114, 0.305743, -0.0, -0.0, -0.305743, 0.952114, 0.4, 1.0, -0.0, -0.0, 0.0, 0.0, 0.0, 0.0, 1.0],
                [0.0, 0.952114, 0.305743, 0.0, 0.0, -0.305743, 0.952114, 0.4, 1.0, -0.0, -0.0, 0.0, 0.0, 0.0, 0.0, 1.0],
                [0.0, 0.952114, 0.305743, -0.0, -0.0, -0.305743, 0.952114, 0.4, 1.0, -0.0, -0.0, 0.0, 0.0, 0.0, 0.0, 1.0],
                [0.0, 0.952114, 0.305743, 0.0, 0.0, -0.305743, 0.952114, 0.4, 1.0, 0.0, -0.0, -0.0, 0.0, 0.0, 0.0, 1.0],
                [0.0, 0.952114, 0.305743, -0.0, 0.0, -0.305743, 0.952114, 0.4, 1.0, -0.0, -0.0, -0.0, 0.0, 0.0, 0.0, 1.0],
                [0.0, 0.952114, 0.305743, -0.0, -0.0, -0.305743, 0.952114, 0.4, 1.0, -0.0, -0.0, 0.0, 0.0, 0.0, 0.0, 1.0],
                [0.0, 0.952114, 0.305743, -0.0, -0.0, -0.305743, 0.952114, 0.4, 1.0, -0.0, -0.0, 0.0, 0.0, 0.0, 0.0, 1.0]
            ]
        },
        {
            "name": "Arm_R",
            "time": [0.0, 0.3333, 0.6667, 0.8333, 1.0, 1.1667, 1.3333, 1.5, 1.6667, 1.8333],
            "transform": [
                [-0.0, 0.004602, -0.99999, -0.0, 0.952114, 0.30574, 0.001407, 0.39386, 0.305744, -0.952104, -0.004382, 0.0, 0.0, 0.0, 0.0, 1.0],
                [-0.664583, 0.138951, -0.734181, -0.0, 0.474887, 0.837142, -0.271432, 0.393861, 0.576898, -0.529042, -0.622337, 0.0, 0.0, 0.0, 0.0, 1.0],
                [-0.023057, -0.533613, -0.845414, -0.0, 0.079739, 0.841964, -0.53361, 0.393861, 0.996549, -0.079716, 0.023137, 0.0, 0.0, 0.0, 0.0, 1.0],
                [-0.024095, -0.533874, -0.845221, -0.0, 0.07958, 0.841759, -0.533957, 0.39386, 0.996537, -0.080128, 0.022203, 0.0, 0.0, 0.0, 0.0, 1.0],
                [-0.025137, -0.534134, -0.845026, -0.0, 0.079423, 0.841555, -0.534302, 0.39386, 0.996524, -0.080545, 0.021268, 0.0, 0.0, 0.0, 0.0, 1.0],
                [-0.026175, -0.534395, -0.84483, -0.0, 0.079265, 0.841349, -0.534649, 0.39386, 0.99651, -0.08096, 0.020336, -0.0, 0.0, 0.0, 0.0, 1.0],
                [-0.027212, -0.534655, -0.844633, 0.0, 0.079107, 0.841144, -0.534995, 0.39386, 0.996495, -0.081375, 0.019406, 0.0, 0.0, 0.0, 0.0, 1.0],
                [-0.028247, -0.534915, -0.844434, -0.0, 0.07895, 0.840938, -0.535342, 0.39386, 0.996478, -0.081789, 0.018477, 0.0, 0.0, 0.0, 0.0, 1.0],
                [-0.029285, -0.535175, -0.844234, 0.0, 0.078795, 0.840732, -0.535689, 0.39386, 0.99646, -0.082208, 0.017548, -0.0, 0.0, 0.0, 0.0, 1.0],
                [-0.030318, -0.535435, -0.844033, -0.0, 0.078637, 0.840526, -0.536035, 0.393861, 0.996442, -0.082624, 0.016621, -0.0, 0.0, 0.0, 0.0, 1.0]
            ]
        },
        {
            "name": "Hand_R",
            "time": [0.0, 0.3333, 0.6667, 0.8333, 1.0, 1.1667, 1.3333, 1.5, 1.6667, 1.8333],
            "transform": [
                [1.0, -0.0, 0.0, 0.0, 0.0, 0.999961, -0.0088, 0.300003, -0.0, 0.0088, 0.999961, 0.0, 0.0, 0.0, 0.0, 1.0],
                [1.0, -3e-06, 4e-06, -0.0, 3e-06, -0.257279, -0.966338, 0.300002, 4e-06, 0.966337, -0.257279, -0.0, 0.0, 0.0, 0.0, 1.0],
                [1.0, -3e-06, 5e-06, 0.0, 3e-06, -0.497088, -0.8677, 0.300002, 5e-06, 0.867701, -0.497088, 0.0, 0.0, 0.0, 0.0, 1.0],
                [1.0, -5e-06, 8e-06, -0.0, 5e-06, -0.495848, -0.86841, 0.300003, 8e-06, 0.868409, -0.495848, 0.0, 0.0, 0.0, 0.0, 1.0],
                [1.0, -3e-06, 5e-06, -0.0, 3e-06, -0.494608, -0.869116, 0.300002, 5e-06, 0.869116, -0.494608, 0.0, 0.0, 0.0, 0.0, 1.0],
                [1.0, -2e-06, 4e-06, 0.0, 2e-06, -0.493367, -0.869822, 0.300002, 4e-06, 0.869822, -0.493367, -0.0, 0.0, 0.0, 0.0, 1.0],
                [1.0, -3e-06, 5e-06, 0.0, 3e-06, -0.492123, -0.870525, 0.300002, 5e-06, 0.870525, -0.492123, -0.0, 0.0, 0.0, 0.0, 1.0],
                [1.0, -5e-06, 8e-06, -0.0, 5e-06, -0.490879, -0.871228, 0.300003, 8e-06, 0.871228, -0.490879, -0.0, 0.0, 0.0, 0.0, 1.0],
                [1.0, -1e-06, 3e-06, 0.0, 2e-06, -0.489633, -0.871929, 0.300003, 3e-06, 0.871928, -0.489633, -0.0, 0.0, 0.0, 0.0, 1.0],
                [1.0, -2e-06, 4e-06, 0.0, 2e-06, -0.488387, -0.872627, 0.300003, 4e-06, 0.872627, -0.488387, -0.0, 0.0, 0.0, 0.0, 1.0]
            ]
        },
        {
            "name": "Tool_R",
            "time": [0.0, 0.3333, 0.6667, 0.8333, 1.0, 1.1667, 1.3333, 1.5, 1.6667, 1.8333],
            "transform": [
                [0.020825, -0.977432, 0.210221, -0.0142, -0.995524, -0.000887, 0.094497, -0.281778, -0.092177, -0.211248, -0.973077, -0.96196, 0.0, 0.0, 0.0, 1.0],
                [0.357675, -0.845979, 0.395461, 0.308115, -0.574484, -0.533193, -0.621026, 0.75044, 0.736231, -0.00506, -0.676711, 0.586594, 0.0, 0.0, 0.0, 1.0],
                [0.89448, -0.329081, -0.302675, -0.195441, 0.245068, -0.205356, 0.947507, 1.942884, -0.373962, -0.921702, -0.103039, 1.129325, 0.0, 0.0, 0.0, 1.0],
                [0.826257, -0.433839, -0.359281, 2.3e-05, 0.435634, 0.087797, 0.895832, 1.207607, -0.357103, -0.896702, 0.261538, 1.397278, 0.0, 0.0, 0.0, 1.0],
                [0.736466, -0.565463, -0.371308, 0.255132, 0.629669, 0.372394, 0.681792, 0.42943, -0.247256, -0.735916, 0.63031, 1.420032, 0.0, 0.0, 0.0, 1.0],
                [0.5957, -0.77272, -0.219195, 0.588711, 0.791822, 0.61075, -0.001143, -0.441522, 0.134756, -0.172882, 0.975681, 1.241524, 0.0, 0.0, 0.0, 1.0],
                [0.559649, -0.826471, 0.061139, 0.881084, 0.641924, 0.385657, -0.662723, -0.796974, 0.524143, 0.410139, 0.746365, 0.490072, 0.0, 0.0, 0.0, 1.0],
                [0.580743, -0.794316, 0.178326, 0.888012, 0.509253, 0.183562, -0.840813, -0.37342, 0.635136, 0.579109, 0.51111, -0.18515, 0.0, 0.0, 0.0, 1.0],
                [0.598537, -0.766868, 0.231662, 0.768603, 0.433683, 0.067041, -0.898568, 0.278128, 0.673552, 0.638293, 0.372705, -0.659892, 0.0, 0.0, 0.0, 1.0],
                [0.600272, -0.764203, 0.235939, 0.581107, 0.426936, 0.056716, -0.902501, 1.032944, 0.676313, 0.642477, 0.360311, -1.002119, 0.0, 0.0, 0.0, 1.0]
            ]
        },
        {
            "name": "Elbow_R",
            "time": [0.0, 1.8333],
            "transform": [
                [-1.0, 0.0, -0.0, 0.0, 0.0, 0.003946, -0.999992, 0.300023, -0.0, -0.999992, -0.003946, -0.001252, 0.0, 0.0, 0.0, 1.0],
                [-1.0, 0.0, -0.0, 0.0, 0.0, 0.003946, -0.999992, 0.447206, -0.0, -0.999992, -0.003946, -0.000671, 0.0, 0.0, 0.0, 1.0]
            ]
        },
        {
            "name": "Shoulder_L",
            "time": [0.0, 0.3333, 0.6667, 0.8333, 1.0, 1.1667, 1.3333, 1.5, 1.6667, 1.8333],
            "transform": [
                [-0.0, -0.952114, -0.305743, 0.0, 0.0, -0.305743, 0.952114, 0.4, -1.0, 0.0, 0.0, 0.0, 0.0, 0.0, 0.0, 1.0],
                [-0.0, -0.952114, -0.305743, -0.0, 0.0, -0.305743, 0.952114, 0.4, -1.0, 0.0, 0.0, 0.0, 0.0, 0.0, 0.0, 1.0],
                [-0.0, -0.952114, -0.305743, 0.0, 0.0, -0.305743, 0.952114, 0.4, -1.0, -0.0, 0.0, -0.0, 0.0, 0.0, 0.0, 1.0],
                [-0.0, -0.952114, -0.305743, -0.0, 0.0, -0.305743, 0.952114, 0.4, -1.0, -0.0, 0.0, 0.0, 0.0, 0.0, 0.0, 1.0],
                [-0.0, -0.952114, -0.305743, 0.0, 0.0, -0.305743, 0.952114, 0.4, -1.0, -0.0, 0.0, 0.0, 0.0, 0.0, 0.0, 1.0],
                [-0.0, -0.952114, -0.305743, -0.0, 0.0, -0.305743, 0.952114, 0.4, -1.0, 0.0, 0.0, 0.0, 0.0, 0.0, 0.0, 1.0],
                [0.0, -0.952114, -0.305743, 0.0, 0.0, -0.305743, 0.952114, 0.4, -1.0, -0.0, 0.0, -0.0, 0.0, 0.0, 0.0, 1.0],
                [0.0, -0.952114, -0.305743, -0.0, 0.0, -0.305743, 0.952114, 0.4, -1.0, 0.0, 0.0, -0.0, 0.0, 0.0, 0.0, 1.0],
                [-0.0, -0.952114, -0.305743, -0.0, 0.0, -0.305743, 0.952114, 0.4, -1.0, -0.0, 0.0, 0.0, 0.0, 0.0, 0.0, 1.0],
                [-0.0, -0.952114, -0.305743, -0.0, 0.0, -0.305743, 0.952114, 0.4, -1.0, -0.0, 0.0, 0.0, 0.0, 0.0, 0.0, 1.0]
            ]
        },
        {
            "name": "Arm_L",
            "time": [0.0, 0.3333, 0.6667, 0.8333, 1.0, 1.1667, 1.3333, 1.5, 1.6667, 1.8333],
            "transform": [
                [0.0, -0.004394, 0.99999, -0.0, -0.952114, 0.30574, 0.001343, 0.39386, -0.305743, -0.952104, -0.004184, 0.0, 0.0, 0.0, 0.0, 1.0],
                [0.102847, 0.072743, 0.992033, 0.0, -0.935474, 0.346063, 0.071607, 0.39386, -0.338097, -0.935386, 0.103641, 0.0, 0.0, 0.0, 0.0, 1.0],
                [0.41658, 0.723999, 0.549806, 0.0, -0.659901, 0.656798, -0.364892, 0.39386, -0.625293, -0.210811, 0.751377, 0.0, 0.0, 0.0, 0.0, 1.0],
                [0.415981, 0.72481, 0.54919, -0.0, -0.660245, 0.656009, -0.365688, 0.39386, -0.625328, -0.210481, 0.75144, 0.0, 0.0, 0.0, 0.0, 1.0],
                [0.415384, 0.725627, 0.548562, -0.0, -0.660588, 0.655214, -0.366493, 0.39386, -0.625363, -0.210138, 0.751506, -0.0, 0.0, 0.0, 0.0, 1.0],
                [0.414787, 0.726451, 0.547923, 0.0, -0.66093, 0.654414, -0.367306, 0.39386, -0.625399, -0.209784, 0.751576, -0.0, 0.0, 0.0, 0.0, 1.0],
                [0.41419, 0.727283, 0.547271, 0.0, -0.661271, 0.653607, -0.368128, 0.39386, -0.625433, -0.209419, 0.751649, -0.0, 0.0, 0.0, 0.0, 1.0],
                [0.413595, 0.728169, 0.546542, 0.0, -0.661611, 0.652762, -0.369015, 0.39386, -0.625467, -0.208976, 0.751744, -0.0, 0.0, 0.0, 0.0, 1.0],
                [0.413, 0.729009, 0.545872, 0.0, -0.66195, 0.651946, -0.369847, 0.39386, -0.625502, -0.208594, 0.751822, -0.0, 0.0, 0.0, 0.0, 1.0],
                [0.412406, 0.729857, 0.545187, 0.0, -0.662289, 0.651123, -0.37069, 0.39386, -0.625535, -0.208197, 0.751903, -0.0, 0.0, 0.0, 0.0, 1.0]
            ]
        },
        {
            "name": "Hand_L",
            "time": [0.0, 0.3333, 0.6667, 0.8333, 1.0, 1.1667, 1.3333, 1.5, 1.6667, 1.8333],
            "transform": [
                [1.0, -0.0, 0.0, -0.0, 0.0, 0.999965, -0.008362, 0.300003, -0.0, 0.008362, 0.999965, 0.0, 0.0, 0.0, 0.0, 1.0],
                [1.0, -0.0, 0.0, 0.0, 0.0, 0.296887, -0.954913, 0.300003, 0.0, 0.954912, 0.296886, 0.0, 0.0, 0.0, 0.0, 1.0],
                [1.0, -0.0, -0.0, -0.0, -0.0, 0.830467, -0.557068, 0.300003, 0.0, 0.557068, 0.830467, 0.0, 0.0, 0.0, 0.0, 1.0],
                [1.0, -1e-06, 0.0, 0.0, 1e-06, 0.832815, -0.553552, 0.300003, 0.0, 0.553551, 0.832815, -0.0, 0.0, 0.0, 0.0, 1.0],
                [1.0, 0.0, -0.0, -0.0, -1e-06, 0.835165, -0.55, 0.300003, -0.0, 0.549999, 0.835165, -0.0, 0.0, 0.0, 0.0, 1.0],
                [1.0, 0.0, -0.0, 0.0, -1e-06, 0.837516, -0.546413, 0.300003, -0.0, 0.546413, 0.837516, 0.0, 0.0, 0.0, 0.0, 1.0],
                [1.0, 0.0, -0.0, 0.0, -0.0, 0.839868, -0.542791, 0.300003, -0.0, 0.54279, 0.839868, 0.0, 0.0, 0.0, 0.0, 1.0],
                [1.0, 0.0, 0.0, 0.0, -0.0, 0.842321, -0.538977, 0.300002, -0.0, 0.538976, 0.842321, 0.0, 0.0, 0.0, 0.0, 1.0],
                [1.0, 1e-06, -0.0, 0.0, -0.0, 0.844665, -0.535296, 0.300003, -0.0, 0.535296, 0.844664, 0.0, 0.0, 0.0, 0.0, 1.0],
                [1.0, 1e-06, -0.0, 0.0, -1e-06, 0.847012, -0.531574, 0.300003, -0.0, 0.531574, 0.847012, 0.0, 0.0, 0.0, 0.0, 1.0]
            ]
        },
        {
            "name": "Tool_L",
            "time": [0.0, 0.3333, 0.6667, 0.8333, 1.0, 1.1667, 1.3333, 1.5, 1.6667, 1.8333],
            "transform": [
                [1.0, -0.0, 0.0, -0.0, 0.0, -0.999559, -0.029689, 0.271711, 0.0, 0.029689, -0.999559, -0.028915, 0.0, 0.0, 0.0, 1.0],
                [1.0, 0.0, 0.0, -0.0, -0.0, -0.999559, -0.029689, 0.271711, 0.0, 0.029689, -0.99956, -0.028915, 0.0, 0.0, 0.0, 1.0],
                [1.0, 0.0, 0.0, -0.0, -0.0, -0.99956, -0.029689, 0.271711, 0.0, 0.029689, -0.99956, -0.028915, 0.0, 0.0, 0.0, 1.0],
                [1.0, 0.0, 0.0, -0.0, 0.0, -0.99956, -0.029689, 0.271711, 0.0, 0.029689, -0.99956, -0.028915, 0.0, 0.0, 0.0, 1.0],
                [1.0, -0.0, 0.0, -0.0, -0.0, -0.99956, -0.029689, 0.271711, 0.0, 0.029689, -0.99956, -0.028915, 0.0, 0.0, 0.0, 1.0],
                [1.0, -0.0, 0.0, 0.0, 0.0, -0.99956, -0.029689, 0.271711, 0.0, 0.029689, -0.99956, -0.028915, 0.0, 0.0, 0.0, 1.0],
                [1.0, -0.0, 0.0, 0.0, 0.0, -0.99956, -0.029689, 0.271711, 0.0, 0.029689, -0.99956, -0.028915, 0.0, 0.0, 0.0, 1.0],
                [1.0, -0.0, 0.0, -0.0, 0.0, -0.99956, -0.029689, 0.271711, 0.0, 0.029689, -0.99956, -0.028915, 0.0, 0.0, 0.0, 1.0],
                [1.0, -0.0, 0.0, 0.0, 0.0, -0.99956, -0.029689, 0.271711, 0.0, 0.029689, -0.99956, -0.028915, 0.0, 0.0, 0.0, 1.0],
                [1.0, -0.0, 0.0, 0.0, -0.0, -0.99956, -0.029689, 0.271711, 0.0, 0.029689, -0.99956, -0.028915, 0.0, 0.0, 0.0, 1.0]
            ]
        },
        {
            "name": "Elbow_L",
            "time": [0.0, 1.8333],
            "transform": [
                [-1.0, 0.0, -0.0, -0.0, 0.0, 0.003946, -0.999992, 0.300008, -0.0, -0.999993, -0.003946, -0.001252, 0.0, 0.0, 0.0, 1.0],
                [-1.0, 0.0, -0.0, 0.0, 0.0, 0.003946, -0.999992, 0.351719, -0.0, -0.999993, -0.003946, -0.001048, 0.0, 0.0, 0.0, 1.0]
            ]
        },
        {
            "name": "IK-Thigh_R",
            "time": [0.0, 0.3333, 0.6667, 0.8333, 1.0, 1.1667, 1.3333, 1.5, 1.6667, 1.8333],
            "transform": [
                [1.0, -0.0, -0.0, 0.124994, -0.0, -0.999984, 0.005698, -0.002831, -0.0, -0.005698, -0.999984, -1.2e-05, 0.0, 0.0, 0.0, 1.0],
                [0.605119, 0.416039, 0.678779, 0.124994, 0.170339, -0.900509, 0.400087, -0.002831, 0.777698, -0.126478, -0.615783, -1.2e-05, 0.0, 0.0, 0.0, 1.0],
                [0.547959, 0.665095, 0.507338, 0.124994, 0.409828, -0.742171, 0.530307, -0.002831, 0.729234, -0.082665, -0.679253, -1.2e-05, 0.0, 0.0, 0.0, 1.0],
                [0.547959, 0.665095, 0.507338, 0.124994, 0.409828, -0.742171, 0.530307, -0.002831, 0.729234, -0.082665, -0.679253, -1.2e-05, 0.0, 0.0, 0.0, 1.0],
                [0.547959, 0.665095, 0.507338, 0.124994, 0.409828, -0.742171, 0.530307, -0.002831, 0.729234, -0.082665, -0.679253, -1.2e-05, 0.0, 0.0, 0.0, 1.0],
                [0.547959, 0.665095, 0.507338, 0.124994, 0.409828, -0.742171, 0.530307, -0.002831, 0.729234, -0.082665, -0.679253, -1.2e-05, 0.0, 0.0, 0.0, 1.0],
                [0.547959, 0.665095, 0.507338, 0.124994, 0.409828, -0.742171, 0.530307, -0.002831, 0.729234, -0.082665, -0.679253, -1.2e-05, 0.0, 0.0, 0.0, 1.0],
                [0.547959, 0.665095, 0.507338, 0.124994, 0.409828, -0.742171, 0.530307, -0.002831, 0.729234, -0.082665, -0.679253, -1.2e-05, 0.0, 0.0, 0.0, 1.0],
                [0.547959, 0.665095, 0.507338, 0.124994, 0.409828, -0.742171, 0.530307, -0.002831, 0.729234, -0.082665, -0.679253, -1.2e-05, 0.0, 0.0, 0.0, 1.0],
                [0.547959, 0.665095, 0.507338, 0.124994, 0.409828, -0.742171, 0.530307, -0.002831, 0.729234, -0.082665, -0.679253, -1.2e-05, 0.0, 0.0, 0.0, 1.0]
            ]
        },
        {
            "name": "IK-Leg_R",
            "time": [0.0, 1.8333],
            "transform": [
                [1.0, 0.0, 1e-06, 0.0, -0.0, 0.999935, 0.011392, 0.374726, -1e-06, -0.011392, 0.999935, -0.0, 0.0, 0.0, 0.0, 1.0],
                [1.0, 2e-05, 1.6e-05, -0.0, -2.1e-05, 0.295655, 0.955294, 0.374726, 1.5e-05, -0.955295, 0.295656, 0.0, 0.0, 0.0, 0.0, 1.0]
            ]
        },
        {
            "name": "IK-Thigh_L",
            "time": [0.0, 0.3333, 0.6667, 0.8333, 1.0, 1.1667, 1.3333, 1.5, 1.6667, 1.8333],
            "transform": [
                [1.0, -0.0, -0.0, -0.125006, -0.0, -0.999984, 0.005698, -0.002831, -0.0, -0.005698, -0.999984, -1.2e-05, 0.0, 0.0, 0.0, 1.0],
                [0.944051, -0.272153, -0.186281, -0.125006, 0.02428, -0.505945, 0.862224, -0.002831, -0.328905, -0.818507, -0.47103, -1.2e-05, 0.0, 0.0, 0.0, 1.0],
                [0.786017, -0.405725, -0.466438, -0.125006, 0.046104, -0.713932, 0.698697, -0.002831, -0.616483, -0.570693, -0.542457, -1.2e-05, 0.0, 0.0, 0.0, 1.0],
                [0.786017, -0.405725, -0.466438, -0.125006, 0.046104, -0.713932, 0.698697, -0.002831, -0.616483, -0.570693, -0.542457, -1.2e-05, 0.0, 0.0, 0.0, 1.0],
                [0.786017, -0.405725, -0.466438, -0.125006, 0.046104, -0.713932, 0.698697, -0.002831, -0.616483, -0.570693, -0.542457, -1.2e-05, 0.0, 0.0, 0.0, 1.0],
                [0.786017, -0.405725, -0.466438, -0.125006, 0.046104, -0.713932, 0.698697, -0.002831, -0.616483, -0.570693, -0.542457, -1.2e-05, 0.0, 0.0, 0.0, 1.0],
                [0.786017, -0.405725, -0.466438, -0.125006, 0.046104, -0.713932, 0.698697, -0.002831, -0.616483, -0.570693, -0.542457, -1.2e-05, 0.0, 0.0, 0.0, 1.0],
                [0.786017, -0.405725, -0.466438, -0.125006, 0.046104, -0.713932, 0.698697, -0.002831, -0.616483, -0.570693, -0.542457, -1.2e-05, 0.0, 0.0, 0.0, 1.0],
                [0.786017, -0.405725, -0.466438, -0.125006, 0.046104, -0.713932, 0.698697, -0.002831, -0.616483, -0.570693, -0.542457, -1.2e-05, 0.0, 0.0, 0.0, 1.0],
                [0.786017, -0.405725, -0.466438, -0.125006, 0.046104, -0.713932, 0.698697, -0.002831, -0.616483, -0.570693, -0.542457, -1.2e-05, 0.0, 0.0, 0.0, 1.0]
            ]
        }
    ]
}