{
    "armature": {
        "joints": ["Root", "Thigh_R", "Leg_R", "Knee_R", "Thigh_L", "Leg_L", "Knee_L", "Torso", "Chest", "Head", "Shoulder_R", "Arm_R", "Hand_R", "Tool_R", "Elbow_R", "Shoulder_L", "Arm_L", "Hand_L", "Tool_L", "Elbow_L", "IK-Thigh_R", "IK-Leg_R", "IK-Thigh_L"],
        "hierarchy": [
            {
                "name": "Root",
                "transform": [1.0, 0.0, 0.0, -5e-06, 0.0, 0.0, -1.0, 0.000946, 0.0, 1.0, 0.0, 0.763972, 0.0, 0.0, 0.0, 1.0],
                "children": [
                    {
                        "name": "Thigh_R",
                        "transform": [1.0, -0.0, -0.0, 0.124994, -0.0, -0.999984, 0.00567, -0.002831, -0.0, -0.00567, -0.999984, -1.2e-05, 0.0, 0.0, 0.0, 1.0],
                        "children": [
                            {
                                "name": "Leg_R",
                                "transform": [1.0, 0.0, 1e-06, -0.0, -0.0, 0.999936, 0.011335, 0.374726, -1e-06, -0.011335, 0.999936, 0.0, 0.0, 0.0, 0.0, 1.0],
                                "children": []
                            },
                            {
                                "name": "Knee_R",
                                "transform": [1.0, 0.0, -0.0, -0.0, -0.0, 0.00567, -0.999984, 0.374726, -0.0, 0.999984, 0.00567, 0.0, 0.0, 0.0, 0.0, 1.0],
                                "children": []
                            }
                        ]
                    },
                    {
                        "name": "Thigh_L",
                        "transform": [1.0, -0.0, -0.0, -0.125006, -0.0, -0.999984, 0.00567, -0.002831, -0.0, -0.00567, -0.999984, -1.2e-05, 0.0, 0.0, 0.0, 1.0],
                        "children": [
                            {
                                "name": "Leg_L",
                                "transform": [1.0, 0.0, 1e-06, -0.0, -0.0, 0.999936, 0.011335, 0.374726, -1e-06, -0.011335, 0.999936, -0.0, 0.0, 0.0, 0.0, 1.0],
                                "children": []
                            },
                            {
                                "name": "Knee_L",
                                "transform": [1.0, 0.0, -0.0, -0.0, -0.0, 0.00567, -0.999984, 0.374726, -0.0, 0.999984, 0.00567, -0.0, 0.0, 0.0, 0.0, 1.0],
                                "children": []
                            }
                        ]
                    },
                    {
                        "name": "Torso",
                        "transform": [1.0, 0.0, 0.0, 0.0, 0.0, 1.0, 0.0, 0.05, 0.0, 0.0, 1.0, 0.0, 0.0, 0.0, 0.0, 1.0],
                        "children": [
                            {
                                "name": "Chest",
                                "transform": [1.0, 0.0, 0.0, 0.0, 0.0, 1.0, 0.0, 0.3, 0.0, 0.0, 1.0, 0.0, 0.0, 0.0, 0.0, 1.0],
                                "children": [
                                    {
                                        "name": "Head",
                                        "transform": [1.0, 0.0, 0.0, 0.0, 0.0, 1.0, 0.0, 0.4, 0.0, 0.0, 1.0, 0.0, 0.0, 0.0, 0.0, 1.0],
                                        "children": []
                                    },
                                    {
                                        "name": "Shoulder_R",
                                        "transform": [0.0, 0.952114, 0.305743, 0.0, 0.0, -0.305743, 0.952114, 0.4, 1.0, 0.0, -0.0, 0.0, 0.0, 0.0, 0.0, 1.0],
                                        "children": [
                                            {
                                                "name": "Arm_R",
                                                "transform": [0.0, 0.003946, -0.999992, -0.0, 0.952114, 0.305741, 0.001207, 0.39386, 0.305743, -0.952107, -0.003757, 0.0, 0.0, 0.0, 0.0, 1.0],
                                                "children": [
                                                    {
                                                        "name": "Hand_R",
                                                        "transform": [1.0, -0.0, 0.0, 0.0, 0.0, 0.999963, -0.008633, 0.300003, -0.0, 0.008633, 0.999963, 0.0, 0.0, 0.0, 0.0, 1.0],
                                                        "children": [
                                                            {
                                                                "name": "Tool_R",
                                                                "transform": [1.0, -0.0, 0.0, 0.0, 0.0, -0.999559, -0.029689, 0.271711, 0.0, 0.029689, -0.999559, -0.028915, 0.0, 0.0, 0.0, 1.0],
                                                                "children": []
                                                            }
                                                        ]
                                                    },
                                                    {
                                                        "name": "Elbow_R",
                                                        "transform": [-1.0, 0.0, -0.0, 0.0, 0.0, 0.003946, -0.999992, 0.300008, -0.0, -0.999992, -0.003946, -0.001252, 0.0, 0.0, 0.0, 1.0],
                                                        "children": []
                                                    }
                                                ]
                                            }
                                        ]
                                    },
                                    {
                                        "name": "Shoulder_L",
                                        "transform": [-0.0, -0.952114, -0.305743, 0.0, 0.0, -0.305743, 0.952114, 0.4, -1.0, 0.0, 0.0, 0.0, 0.0, 0.0, 0.0, 1.0],
                                        "children": [
                                            {
                                                "name": "Arm_L",
                                                "transform": [-0.0, -0.003946, 0.999992, -0.0, -0.952114, 0.305741, 0.001206, 0.39386, -0.305743, -0.952106, -0.003757, 0.0, 0.0, 0.0, 0.0, 1.0],
                                                "children": [
                                                    {
                                                        "name": "Hand_L",
                                                        "transform": [1.0, -0.0, 0.0, -0.0, 0.0, 0.999963, -0.008633, 0.300003, -0.0, 0.008633, 0.999963, -0.0, 0.0, 0.0, 0.0, 1.0],
                                                        "children": [
                                                            {
                                                                "name": "Tool_L",
                                                                "transform": [1.0, -0.0, 0.0, -0.0, 0.0, -0.999559, -0.029689, 0.271711, 0.0, 0.029689, -0.999559, -0.028915, 0.0, 0.0, 0.0, 1.0],
                                                                "children": []
                                                            }
                                                        ]
                                                    },
                                                    {
                                                        "name": "Elbow_L",
                                                        "transform": [-1.0, 0.0, -0.0, -0.0, 0.0, 0.003946, -0.999992, 0.300008, -0.0, -0.999992, -0.003946, -0.001252, 0.0, 0.0, 0.0, 1.0],
                                                        "children": []
                                                    }
                                                ]
                                            }
                                        ]
                                    }
                                ]
                            }
                        ]
                    },
                    {
                        "name": "IK-Thigh_R",
                        "transform": [1.0, -0.0, -0.0, 0.124994, -0.0, -0.999984, 0.00567, -0.002831, -0.0, -0.00567, -0.999984, -1.2e-05, 0.0, 0.0, 0.0, 1.0],
                        "children": [
                            {
                                "name": "IK-Leg_R",
                                "transform": [1.0, 0.0, 1e-06, -0.0, -0.0, 0.999936, 0.011335, 0.374726, -1e-06, -0.011335, 0.999936, 0.0, 0.0, 0.0, 0.0, 1.0],
                                "children": []
                            }
                        ]
                    },
                    {
                        "name": "IK-Thigh_L",
                        "transform": [1.0, -0.0, -0.0, -0.125006, -0.0, -0.999984, 0.00567, -0.002831, -0.0, -0.00567, -0.999984, -1.2e-05, 0.0, 0.0, 0.0, 1.0],
                        "children": []
                    }
                ]
            },
            {},
            {},
            {},
            {},
            {},
            {},
            {},
            {}
        ]
    },
    "animation": [
        {
            "name": "Root",
            "time": [0.0, 0.0833, 0.1667, 0.25, 0.3333, 0.4167, 0.5, 0.5833, 0.6667, 0.75, 0.8333, 0.9167, 1.0, 1.0833, 1.1667, 1.25, 1.3333],
            "transform": [
                [1.0, 0.0, 0.0, -5e-06, 0.0, 0.0, -1.0, 0.000946, 0.0, 1.0, 0.0, 0.763972, 0.0, 0.0, 0.0, 1.0],
                [1.0, 0.0, 0.0, -5e-06, 0.0, 0.0, -1.0, 0.000946, 0.0, 1.0, 0.0, 0.763972, 0.0, 0.0, 0.0, 1.0],
                [1.0, 0.0, 0.0, -5e-06, 0.0, 0.0, -1.0, 0.000946, 0.0, 1.0, 0.0, 0.763972, 0.0, 0.0, 0.0, 1.0],
                [1.0, 0.0, 0.0, -5e-06, 0.0, 0.0, -1.0, 0.000946, 0.0, 1.0, 0.0, 0.763972, 0.0, 0.0, 0.0, 1.0],
                [1.0, 0.0, 0.0, -5e-06, 0.0, 0.0, -1.0, 0.000946, 0.0, 1.0, 0.0, 0.763972, 0.0, 0.0, 0.0, 1.0],
                [1.0, 0.0, 0.0, -5e-06, 0.0, 0.0, -1.0, 0.000946, 0.0, 1.0, 0.0, 0.763972, 0.0, 0.0, 0.0, 1.0],
                [1.0, 0.0, 0.0, -5e-06, 0.0, 0.0, -1.0, 0.000946, 0.0, 1.0, 0.0, 0.763972, 0.0, 0.0, 0.0, 1.0],
                [1.0, 0.0, 0.0, -5e-06, 0.0, 0.0, -1.0, 0.000946, 0.0, 1.0, 0.0, 0.763972, 0.0, 0.0, 0.0, 1.0],
                [1.0, 0.0, 0.0, -5e-06, 0.0, 0.0, -1.0, 0.000946, 0.0, 1.0, 0.0, 0.763972, 0.0, 0.0, 0.0, 1.0],
                [1.0, 0.0, 0.0, -5e-06, 0.0, 0.0, -1.0, 0.000946, 0.0, 1.0, 0.0, 0.763972, 0.0, 0.0, 0.0, 1.0],
                [1.0, 0.0, 0.0, -5e-06, 0.0, 0.0, -1.0, 0.000946, 0.0, 1.0, 0.0, 0.763972, 0.0, 0.0, 0.0, 1.0],
                [1.0, 0.0, 0.0, -5e-06, 0.0, 0.0, -1.0, 0.000946, 0.0, 1.0, 0.0, 0.763972, 0.0, 0.0, 0.0, 1.0],
                [1.0, 0.0, 0.0, -5e-06, 0.0, 0.0, -1.0, 0.000946, 0.0, 1.0, 0.0, 0.763972, 0.0, 0.0, 0.0, 1.0],
                [1.0, 0.0, 0.0, -5e-06, 0.0, 0.0, -1.0, 0.000946, 0.0, 1.0, 0.0, 0.763972, 0.0, 0.0, 0.0, 1.0],
                [1.0, 0.0, 0.0, -5e-06, 0.0, 0.0, -1.0, 0.000946, 0.0, 1.0, 0.0, 0.763972, 0.0, 0.0, 0.0, 1.0],
                [1.0, 0.0, 0.0, -5e-06, 0.0, 0.0, -1.0, 0.000946, 0.0, 1.0, 0.0, 0.763972, 0.0, 0.0, 0.0, 1.0],
                [1.0, 0.0, 0.0, -5e-06, 0.0, 0.0, -1.0, 0.000946, 0.0, 1.0, 0.0, 0.763972, 0.0, 0.0, 0.0, 1.0]
            ]
        },
        {
            "name": "Thigh_R",
            "time": [0.0, 0.0833, 0.1667, 0.25, 0.3333, 0.4167, 0.5, 0.5833, 0.6667, 0.75, 0.8333, 0.9167, 1.0, 1.0833, 1.1667, 1.25, 1.3333],
            "transform": [
                [1.0, -0.0, -0.0, 0.124994, -0.0, -0.999984, 0.005991, -0.002831, -0.0, -0.005991, -0.999982, -1.2e-05, 0.0, 0.0, 0.0, 1.0],
                [1.0, -0.0, -0.0, 0.124994, -0.0, -0.999984, 0.005991, -0.002831, -0.0, -0.005991, -0.999982, -1.2e-05, 0.0, 0.0, 0.0, 1.0],
                [1.0, -0.0, -0.0, 0.124994, -0.0, -0.999984, 0.005991, -0.002831, -0.0, -0.005991, -0.999982, -1.2e-05, 0.0, 0.0, 0.0, 1.0],
                [1.0, -0.0, -0.0, 0.124994, -0.0, -0.999984, 0.006046, -0.002831, -0.0, -0.006046, -0.999982, -1.2e-05, 0.0, 0.0, 0.0, 1.0],
                [1.0, -0.0, -0.0, 0.124994, -0.0, -0.999984, 0.006039, -0.002831, -0.0, -0.006039, -0.999982, -1.2e-05, 0.0, 0.0, 0.0, 1.0],
                [1.0, -0.0, -0.0, 0.124994, -0.0, -0.999984, 0.005991, -0.002831, -0.0, -0.005991, -0.999982, -1.2e-05, 0.0, 0.0, 0.0, 1.0],
                [1.0, -0.0, -0.0, 0.124994, -0.0, -0.999984, 0.00601, -0.002831, -0.0, -0.00601, -0.999982, -1.2e-05, 0.0, 0.0, 0.0, 1.0],
                [1.0, -0.0, -0.0, 0.124994, -0.0, -0.999984, 0.005986, -0.002831, -0.0, -0.005986, -0.999982, -1.2e-05, 0.0, 0.0, 0.0, 1.0],
                [1.0, -0.0, -0.0, 0.124994, -0.0, -0.999984, 0.005991, -0.002831, -0.0, -0.005991, -0.999982, -1.2e-05, 0.0, 0.0, 0.0, 1.0],
                [1.0, -0.0, -0.0, 0.124994, -0.0, -0.999984, 0.006051, -0.002831, -0.0, -0.006051, -0.999982, -1.2e-05, 0.0, 0.0, 0.0, 1.0],
                [1.0, -0.0, -0.0, 0.124994, -0.0, -0.999984, 0.006006, -0.002831, -0.0, -0.006006, -0.999982, -1.2e-05, 0.0, 0.0, 0.0, 1.0],
                [1.0, -0.0, -0.0, 0.124994, -0.0, -0.999984, 0.006013, -0.002831, -0.0, -0.006013, -0.999982, -1.2e-05, 0.0, 0.0, 0.0, 1.0],
                [1.0, -0.0, -0.0, 0.124994, -0.0, -0.999984, 0.006039, -0.002831, -0.0, -0.006039, -0.999982, -1.2e-05, 0.0, 0.0, 0.0, 1.0],
                [1.0, -0.0, -0.0, 0.124994, -0.0, -0.999984, 0.005963, -0.002831, -0.0, -0.005963, -0.999982, -1.2e-05, 0.0, 0.0, 0.0, 1.0],
                [1.0, -0.0, -0.0, 0.124994, -0.0, -0.999984, 0.006036, -0.002831, -0.0, -0.006036, -0.999982, -1.2e-05, 0.0, 0.0, 0.0, 1.0],
                [1.0, -0.0, -0.0, 0.124994, -0.0, -0.999984, 0.006036, -0.002831, -0.0, -0.006036, -0.999982, -1.2e-05, 0.0, 0.0, 0.0, 1.0],
                [1.0, -0.0, -0.0, 0.124994, -0.0, -0.999984, 0.00599, -0.002831, -0.0, -0.00599, -0.999982, -1.2e-05, 0.0, 0.0, 0.0, 1.0]
            ]
        },
        {
            "name": "Leg_R",
            "time": [0.0, 0.0833, 0.1667, 0.25, 0.3333, 0.4167, 0.5, 0.5833, 0.6667, 0.75, 0.8333, 0.9167, 1.0, 1.0833, 1.1667, 1.25, 1.3333],
            "transform": [
                [1.0, 0.0, 1e-06, 0.0, -0.0, 0.999928, 0.011977, 0.374726, -1e-06, -0.011977, 0.999928, 0.0, 0.0, 0.0, 0.0, 1.0],
                [1.0, 0.0, 1e-06, 0.0, -0.0, 0.999928, 0.011977, 0.374726, -1e-06, -0.011977, 0.999928, -0.0, 0.0, 0.0, 0.0, 1.0],
                [1.0, 0.0, 1e-06, 0.0, -0.0, 0.999928, 0.011977, 0.374726, -1e-06, -0.011977, 0.999928, -0.0, 0.0, 0.0, 0.0, 1.0],
                [1.0, 0.0, 1e-06, 0.0, -0.0, 0.999926, 0.012086, 0.374726, -1e-06, -0.012086, 0.999927, -0.0, 0.0, 0.0, 0.0, 1.0],
                [1.0, 0.0, 1e-06, 0.0, -0.0, 0.999927, 0.012072, 0.374726, -1e-06, -0.012072, 0.999927, -0.0, 0.0, 0.0, 0.0, 1.0],
                [1.0, 0.0, 1e-06, 0.0, -0.0, 0.999928, 0.011977, 0.374726, -1e-06, -0.011977, 0.999928, 0.0, 0.0, 0.0, 0.0, 1.0],
                [1.0, 0.0, 1e-06, -0.0, -0.0, 0.999928, 0.012015, 0.374726, -1e-06, -0.012015, 0.999928, -0.0, 0.0, 0.0, 0.0, 1.0],
                [1.0, 0.0, 1e-06, 0.0, -0.0, 0.999928, 0.011968, 0.374726, -1e-06, -0.011968, 0.999928, -0.0, 0.0, 0.0, 0.0, 1.0],
                [1.0, 0.0, 1e-06, 0.0, -0.0, 0.999928, 0.011977, 0.374726, -1e-06, -0.011977, 0.999928, -0.0, 0.0, 0.0, 0.0, 1.0],
                [1.0, 0.0, 1e-06, 0.0, -0.0, 0.999927, 0.012096, 0.374726, -1e-06, -0.012096, 0.999927, 0.0, 0.0, 0.0, 0.0, 1.0],
                [1.0, 0.0, 1e-06, 0.0, -0.0, 0.999927, 0.012007, 0.374726, -1e-06, -0.012007, 0.999928, -0.0, 0.0, 0.0, 0.0, 1.0],
                [1.0, 0.0, 1e-06, 0.0, -0.0, 0.999928, 0.012021, 0.374726, -1e-06, -0.012021, 0.999928, 0.0, 0.0, 0.0, 0.0, 1.0],
                [1.0, 0.0, 1e-06, 0.0, -0.0, 0.999927, 0.012073, 0.374726, -1e-06, -0.012073, 0.999927, 0.0, 0.0, 0.0, 0.0, 1.0],
                [1.0, 0.0, 1e-06, 0.0, -0.0, 0.999928, 0.011921, 0.374726, -1e-06, -0.011921, 0.999929, -0.0, 0.0, 0.0, 0.0, 1.0],
                [1.0, 0.0, 1e-06, 0.0, -0.0, 0.999927, 0.012067, 0.374726, -1e-06, -0.012066, 0.999927, 0.0, 0.0, 0.0, 0.0, 1.0],
                [1.0, 0.0, 1e-06, 0.0, -0.0, 0.999927, 0.012067, 0.374726, -1e-06, -0.012066, 0.999927, -0.0, 0.0, 0.0, 0.0, 1.0],
                [1.0, 0.0, 1e-06, 0.0, -0.0, 0.999928, 0.011975, 0.374726, -1e-06, -0.011975, 0.999928, 0.0, 0.0, 0.0, 0.0, 1.0]
            ]
        },
        {
            "name": "Knee_R",
            "time": [0.0, 1.3333],
            "transform": [
                [1.0, 0.0, -0.0, 0.0, -0.0, 0.00567, -0.999984, 0.374726, -0.0, 0.999984, 0.00567, 0.0, 0.0, 0.0, 0.0, 1.0],
                [1.0, 0.0, -0.0, 0.0, -0.0, 0.00567, -0.999984, 0.374726, -0.0, 0.999984, 0.00567, 0.0, 0.0, 0.0, 0.0, 1.0]
            ]
        },
        {
            "name": "Thigh_L",
            "time": [0.0, 0.0833, 0.1667, 0.25, 0.3333, 0.4167, 0.5, 0.5833, 0.6667, 0.75, 0.8333, 0.9167, 1.0, 1.0833, 1.1667, 1.25, 1.3333],
            "transform": [
                [1.0, -0.0, -0.0, -0.125006, -0.0, -0.999984, 0.006025, -0.002831, -0.0, -0.006025, -0.999982, -1.2e-05, 0.0, 0.0, 0.0, 1.0],
                [1.0, -0.0, -0.0, -0.125006, -0.0, -0.999984, 0.006025, -0.002831, -0.0, -0.006025, -0.999982, -1.2e-05, 0.0, 0.0, 0.0, 1.0],
                [1.0, -0.0, -0.0, -0.125006, -0.0, -0.999984, 0.006025, -0.002831, -0.0, -0.006025, -0.999982, -1.2e-05, 0.0, 0.0, 0.0, 1.0],
                [1.0, -0.0, -0.0, -0.125006, -0.0, -0.999984, 0.005975, -0.002831, -0.0, -0.005975, -0.999982, -1.2e-05, 0.0, 0.0, 0.0, 1.0],
                [1.0, -0.0, -0.0, -0.125006, -0.0, -0.999984, 0.005985, -0.002831, -0.0, -0.005985, -0.999982, -1.2e-05, 0.0, 0.0, 0.0, 1.0],
                [1.0, -0.0, -0.0, -0.125006, -0.0, -0.999984, 0.005994, -0.002831, -0.0, -0.005994, -0.999982, -1.2e-05, 0.0, 0.0, 0.0, 1.0],
                [1.0, -0.0, -0.0, -0.125006, -0.0, -0.999984, 0.006052, -0.002831, -0.0, -0.006052, -0.999982, -1.2e-05, 0.0, 0.0, 0.0, 1.0],
                [1.0, -0.0, -0.0, -0.125006, -0.0, -0.999984, 0.006049, -0.002831, -0.0, -0.006049, -0.999982, -1.2e-05, 0.0, 0.0, 0.0, 1.0],
                [1.0, -0.0, -0.0, -0.125006, -0.0, -0.999984, 0.00601, -0.002831, -0.0, -0.00601, -0.999982, -1.2e-05, 0.0, 0.0, 0.0, 1.0],
                [1.0, -0.0, -0.0, -0.125006, -0.0, -0.999984, 0.006013, -0.002831, -0.0, -0.006013, -0.999982, -1.2e-05, 0.0, 0.0, 0.0, 1.0],
                [1.0, -0.0, -0.0, -0.125006, -0.0, -0.999984, 0.006053, -0.002831, -0.0, -0.006053, -0.999982, -1.2e-05, 0.0, 0.0, 0.0, 1.0],
                [1.0, -0.0, -0.0, -0.125006, -0.0, -0.999984, 0.006051, -0.002831, -0.0, -0.006051, -0.999982, -1.2e-05, 0.0, 0.0, 0.0, 1.0],
                [1.0, -0.0, -0.0, -0.125006, -0.0, -0.999984, 0.006053, -0.002831, -0.0, -0.006053, -0.999982, -1.2e-05, 0.0, 0.0, 0.0, 1.0],
                [1.0, -0.0, -0.0, -0.125006, -0.0, -0.999984, 0.006011, -0.002831, -0.0, -0.006011, -0.999982, -1.2e-05, 0.0, 0.0, 0.0, 1.0],
                [1.0, -0.0, -0.0, -0.125006, -0.0, -0.999984, 0.006011, -0.002831, -0.0, -0.006011, -0.999982, -1.2e-05, 0.0, 0.0, 0.0, 1.0],
                [1.0, -0.0, -0.0, -0.125006, -0.0, -0.999984, 0.006011, -0.002831, -0.0, -0.006011, -0.999982, -1.2e-05, 0.0, 0.0, 0.0, 1.0],
                [1.0, -0.0, -0.0, -0.125006, -0.0, -0.999984, 0.006026, -0.002831, -0.0, -0.006026, -0.999982, -1.2e-05, 0.0, 0.0, 0.0, 1.0]
            ]
        },
        {
            "name": "Leg_L",
            "time": [0.0, 0.0833, 0.1667, 0.25, 0.3333, 0.4167, 0.5, 0.5833, 0.6667, 0.75, 0.8333, 0.9167, 1.0, 1.0833, 1.1667, 1.25, 1.3333],
            "transform": [
                [1.0, 0.0, 1e-06, -0.0, -0.0, 0.999927, 0.012045, 0.374726, -1e-06, -0.012045, 0.999928, -0.0, 0.0, 0.0, 0.0, 1.0],
                [1.0, 0.0, 1e-06, -0.0, -0.0, 0.999927, 0.012045, 0.374726, -1e-06, -0.012045, 0.999928, -0.0, 0.0, 0.0, 0.0, 1.0],
                [1.0, 0.0, 1e-06, -0.0, -0.0, 0.999927, 0.012045, 0.374726, -1e-06, -0.012045, 0.999928, 0.0, 0.0, 0.0, 0.0, 1.0],
                [1.0, 0.0, 1e-06, -0.0, -0.0, 0.999929, 0.011946, 0.374726, -1e-06, -0.011945, 0.999929, -0.0, 0.0, 0.0, 0.0, 1.0],
                [1.0, 0.0, 1e-06, -0.0, -0.0, 0.999928, 0.011965, 0.374726, -1e-06, -0.011965, 0.999928, -0.0, 0.0, 0.0, 0.0, 1.0],
                [1.0, 0.0, 1e-06, 0.0, -0.0, 0.999928, 0.011983, 0.374726, -1e-06, -0.011983, 0.999928, -0.0, 0.0, 0.0, 0.0, 1.0],
                [1.0, 0.0, 1e-06, -0.0, -0.0, 0.999927, 0.0121, 0.374726, -1e-06, -0.0121, 0.999927, -0.0, 0.0, 0.0, 0.0, 1.0],
                [1.0, 0.0, 1e-06, 0.0, -0.0, 0.999927, 0.012094, 0.374726, -1e-06, -0.012094, 0.999927, -0.0, 0.0, 0.0, 0.0, 1.0],
                [1.0, 0.0, 1e-06, 0.0, -0.0, 0.999928, 0.012015, 0.374726, -1e-06, -0.012015, 0.999928, -0.0, 0.0, 0.0, 0.0, 1.0],
                [1.0, 0.0, 1e-06, 0.0, -0.0, 0.999928, 0.012022, 0.374726, -1e-06, -0.012022, 0.999928, -0.0, 0.0, 0.0, 0.0, 1.0],
                [1.0, 0.0, 1e-06, -0.0, -0.0, 0.999927, 0.012101, 0.374726, -1e-06, -0.012101, 0.999927, -0.0, 0.0, 0.0, 0.0, 1.0],
                [1.0, 0.0, 1e-06, -0.0, -0.0, 0.999927, 0.012097, 0.374726, -1e-06, -0.012097, 0.999927, -0.0, 0.0, 0.0, 0.0, 1.0],
                [1.0, 0.0, 1e-06, -0.0, -0.0, 0.999927, 0.012101, 0.374726, -1e-06, -0.012101, 0.999927, -0.0, 0.0, 0.0, 0.0, 1.0],
                [1.0, 0.0, 1e-06, 0.0, -0.0, 0.999927, 0.012017, 0.374726, -1e-06, -0.012017, 0.999928, 0.0, 0.0, 0.0, 0.0, 1.0],
                [1.0, 0.0, 1e-06, 0.0, -0.0, 0.999927, 0.012017, 0.374726, -1e-06, -0.012017, 0.999928, -0.0, 0.0, 0.0, 0.0, 1.0],
                [1.0, 0.0, 1e-06, 0.0, -0.0, 0.999927, 0.012017, 0.374726, -1e-06, -0.012017, 0.999928, 0.0, 0.0, 0.0, 0.0, 1.0],
                [1.0, 0.0, 1e-06, -0.0, -0.0, 0.999927, 0.012048, 0.374726, -1e-06, -0.012048, 0.999927, -0.0, 0.0, 0.0, 0.0, 1.0]
            ]
        },
        {
            "name": "Knee_L",
            "time": [0.0, 1.3333],
            "transform": [
                [1.0, 0.0, -0.0, -0.0, -0.0, 0.00567, -0.999984, 0.374726, -0.0, 0.999984, 0.00567, -0.0, 0.0, 0.0, 0.0, 1.0],
                [1.0, 0.0, -0.0, -0.0, -0.0, 0.00567, -0.999984, 0.374726, -0.0, 0.999984, 0.00567, -0.0, 0.0, 0.0, 0.0, 1.0]
            ]
        },
        {
            "name": "Torso",
            "time": [0.0, 0.0833, 0.1667, 0.25, 0.3333, 0.4167, 0.5, 0.5833, 0.6667, 0.75, 0.8333, 0.9167, 1.0, 1.0833, 1.1667, 1.25, 1.3333],
            "transform": [
                [0.995817, 0.0, -0.091367, 0.0, -0.00717, 0.996916, -0.078147, 0.05, 0.091085, 0.078475, 0.992746, 0.0, 0.0, 0.0, 0.0, 1.0],
                [0.995817, 0.0, -0.091367, 0.0, -0.00717, 0.996916, -0.078147, 0.05, 0.091085, 0.078475, 0.992746, 0.0, 0.0, 0.0, 0.0, 1.0],
                [0.995817, 0.0, -0.091367, 0.0, -0.00717, 0.996916, -0.078147, 0.05, 0.091085, 0.078475, 0.992746, 0.0, 0.0, 0.0, 0.0, 1.0],
                [0.995817, 0.0, -0.091367, 0.0, -0.00717, 0.996916, -0.078147, 0.05, 0.091085, 0.078475, 0.992746, 0.0, 0.0, 0.0, 0.0, 1.0],
                [0.995817, 0.0, -0.091367, 0.0, -0.00717, 0.996916, -0.078147, 0.05, 0.091085, 0.078475, 0.992746, 0.0, 0.0, 0.0, 0.0, 1.0],
                [0.995817, 0.0, -0.091367, 0.0, -0.00717, 0.996916, -0.078147, 0.05, 0.091085, 0.078475, 0.992746, 0.0, 0.0, 0.0, 0.0, 1.0],
                [0.995817, 0.0, -0.091367, 0.0, -0.00717, 0.996916, -0.078147, 0.05, 0.091085, 0.078475, 0.992746, 0.0, 0.0, 0.0, 0.0, 1.0],
                [0.995817, 0.0, -0.091367, 0.0, -0.00717, 0.996916, -0.078147, 0.05, 0.091085, 0.078475, 0.992746, 0.0, 0.0, 0.0, 0.0, 1.0],
                [0.995817, 0.0, -0.091367, 0.0, -0.00717, 0.996916, -0.078147, 0.05, 0.091085, 0.078475, 0.992746, 0.0, 0.0, 0.0, 0.0, 1.0],
                [0.995817, 0.0, -0.091367, 0.0, -0.00717, 0.996916, -0.078147, 0.05, 0.091085, 0.078475, 0.992746, 0.0, 0.0, 0.0, 0.0, 1.0],
                [0.995817, 0.0, -0.091367, 0.0, -0.00717, 0.996916, -0.078147, 0.05, 0.091085, 0.078475, 0.992746, 0.0, 0.0, 0.0, 0.0, 1.0],
                [0.995817, 0.0, -0.091367, 0.0, -0.00717, 0.996916, -0.078147, 0.05, 0.091085, 0.078475, 0.992746, 0.0, 0.0, 0.0, 0.0, 1.0],
                [0.995817, 0.0, -0.091367, 0.0, -0.00717, 0.996916, -0.078147, 0.05, 0.091085, 0.078475, 0.992746, 0.0, 0.0, 0.0, 0.0, 1.0],
                [0.995817, 0.0, -0.091367, 0.0, -0.00717, 0.996916, -0.078147, 0.05, 0.091085, 0.078475, 0.992746, 0.0, 0.0, 0.0, 0.0, 1.0],
                [0.995817, 0.0, -0.091367, 0.0, -0.00717, 0.996916, -0.078147, 0.05, 0.091085, 0.078475, 0.992746, 0.0, 0.0, 0.0, 0.0, 1.0],
                [0.995817, 0.0, -0.091367, 0.0, -0.00717, 0.996916, -0.078147, 0.05, 0.091085, 0.078475, 0.992746, 0.0, 0.0, 0.0, 0.0, 1.0],
                [0.995817, 0.0, -0.091367, 0.0, -0.00717, 0.996916, -0.078147, 0.05, 0.091085, 0.078475, 0.992746, 0.0, 0.0, 0.0, 0.0, 1.0]
            ]
        },
        {
            "name": "Chest",
            "time": [0.0, 0.0833, 0.1667, 0.25, 0.3333, 0.4167, 0.5, 0.5833, 0.6667, 0.75, 0.8333, 0.9167, 1.0, 1.0833, 1.1667, 1.25, 1.3333],
            "transform": [
                [0.963939, 0.011669, -0.265866, -0.0, -0.010727, 0.99993, 0.004996, 0.3, 0.265905, -0.001964, 0.963997, 0.0, 0.0, 0.0, 0.0, 1.0],
                [0.963939, 0.011669, -0.265866, -0.0, -0.010727, 0.99993, 0.004996, 0.3, 0.265905, -0.001964, 0.963997, 0.0, 0.0, 0.0, 0.0, 1.0],
                [0.963939, 0.011669, -0.265866, -0.0, -0.010727, 0.99993, 0.004996, 0.3, 0.265905, -0.001964, 0.963997, 0.0, 0.0, 0.0, 0.0, 1.0],
                [0.963939, 0.011669, -0.265866, -0.0, -0.010727, 0.99993, 0.004996, 0.3, 0.265905, -0.001964, 0.963997, 0.0, 0.0, 0.0, 0.0, 1.0],
                [0.963939, 0.011669, -0.265866, -0.0, -0.010727, 0.99993, 0.004996, 0.3, 0.265905, -0.001964, 0.963997, 0.0, 0.0, 0.0, 0.0, 1.0],
                [0.963939, 0.011669, -0.265866, -0.0, -0.010727, 0.99993, 0.004996, 0.3, 0.265906, -0.001964, 0.963997, 0.0, 0.0, 0.0, 0.0, 1.0],
                [0.963939, 0.011669, -0.265866, -0.0, -0.010727, 0.99993, 0.004996, 0.3, 0.265906, -0.001964, 0.963997, 0.0, 0.0, 0.0, 0.0, 1.0],
                [0.963939, 0.011669, -0.265866, -0.0, -0.010727, 0.99993, 0.004996, 0.3, 0.265906, -0.001964, 0.963997, 0.0, 0.0, 0.0, 0.0, 1.0],
                [0.963939, 0.011669, -0.265866, -0.0, -0.010727, 0.99993, 0.004996, 0.3, 0.265906, -0.001964, 0.963997, 0.0, 0.0, 0.0, 0.0, 1.0],
                [0.963939, 0.011669, -0.265866, -0.0, -0.010727, 0.99993, 0.004996, 0.3, 0.265906, -0.001964, 0.963997, 0.0, 0.0, 0.0, 0.0, 1.0],
                [0.963939, 0.011669, -0.265866, -0.0, -0.010727, 0.99993, 0.004996, 0.3, 0.265906, -0.001964, 0.963997, 0.0, 0.0, 0.0, 0.0, 1.0],
                [0.963939, 0.011669, -0.265866, -0.0, -0.010727, 0.99993, 0.004996, 0.3, 0.265905, -0.001964, 0.963997, 0.0, 0.0, 0.0, 0.0, 1.0],
                [0.963939, 0.011669, -0.265866, -0.0, -0.010727, 0.99993, 0.004996, 0.3, 0.265906, -0.001964, 0.963997, 0.0, 0.0, 0.0, 0.0, 1.0],
                [0.963939, 0.011669, -0.265866, -0.0, -0.010727, 0.99993, 0.004996, 0.3, 0.265905, -0.001964, 0.963997, 0.0, 0.0, 0.0, 0.0, 1.0],
                [0.963939, 0.011669, -0.265866, -0.0, -0.010727, 0.99993, 0.004996, 0.3, 0.265905, -0.001964, 0.963997, 0.0, 0.0, 0.0, 0.0, 1.0],
                [0.963939, 0.011669, -0.265866, -0.0, -0.010727, 0.99993, 0.004996, 0.3, 0.265905, -0.001964, 0.963997, 0.0, 0.0, 0.0, 0.0, 1.0],
                [0.963939, 0.011669, -0.265866, -0.0, -0.010727, 0.99993, 0.004996, 0.3, 0.265905, -0.001964, 0.963997, 0.0, 0.0, 0.0, 0.0, 1.0]
            ]
        },
        {
            "name": "Head",
            "time": [0.0, 0.0833, 0.1667, 0.25, 0.3333, 0.4167, 0.5, 0.5833, 0.6667, 0.75, 0.8333, 0.9167, 1.0, 1.0833, 1.1667, 1.25, 1.3333],
            "transform": [
                [0.946018, -0.041247, 0.321481, -0.0, 0.012331, 0.995731, 0.091471, 0.4, -0.323881, -0.082569, 0.942488, 0.0, 0.0, 0.0, 0.0, 1.0],
                [0.946018, -0.041247, 0.321481, -0.0, 0.012331, 0.995731, 0.091471, 0.4, -0.323881, -0.082569, 0.942488, 0.0, 0.0, 0.0, 0.0, 1.0],
                [0.946018, -0.041247, 0.321481, -0.0, 0.012331, 0.995731, 0.091471, 0.4, -0.323881, -0.082569, 0.942488, 0.0, 0.0, 0.0, 0.0, 1.0],
                [0.946018, -0.041247, 0.321481, -0.0, 0.012331, 0.995731, 0.091471, 0.4, -0.323881, -0.082569, 0.942488, 0.0, 0.0, 0.0, 0.0, 1.0],
                [0.946018, -0.041247, 0.321481, -0.0, 0.012331, 0.995731, 0.091471, 0.4, -0.323881, -0.082569, 0.942488, 0.0, 0.0, 0.0, 0.0, 1.0],
                [0.946018, -0.041247, 0.321481, -0.0, 0.012331, 0.995731, 0.091471, 0.4, -0.323881, -0.082569, 0.942488, 0.0, 0.0, 0.0, 0.0, 1.0],
                [0.946018, -0.041247, 0.321481, -0.0, 0.012331, 0.995731, 0.091471, 0.4, -0.323881, -0.082569, 0.942488, 0.0, 0.0, 0.0, 0.0, 1.0],
                [0.946018, -0.041247, 0.321481, -0.0, 0.012331, 0.995731, 0.091471, 0.4, -0.323881, -0.082569, 0.942489, 0.0, 0.0, 0.0, 0.0, 1.0],
                [0.946018, -0.041247, 0.321481, -0.0, 0.012331, 0.995731, 0.091471, 0.4, -0.323881, -0.082569, 0.942489, 0.0, 0.0, 0.0, 0.0, 1.0],
                [0.946018, -0.041247, 0.321481, -0.0, 0.012331, 0.995731, 0.091471, 0.4, -0.323881, -0.082569, 0.942489, 0.0, 0.0, 0.0, 0.0, 1.0],
                [0.946018, -0.041247, 0.321481, -0.0, 0.012331, 0.995731, 0.091471, 0.4, -0.323881, -0.082569, 0.942489, 0.0, 0.0, 0.0, 0.0, 1.0],
                [0.946018, -0.041247, 0.321481, -0.0, 0.012331, 0.995731, 0.091471, 0.4, -0.323881, -0.082569, 0.942488, 0.0, 0.0, 0.0, 0.0, 1.0],
                [0.946018, -0.041247, 0.321481, -0.0, 0.012331, 0.995731, 0.091471, 0.4, -0.323881, -0.082569, 0.942489, 0.0, 0.0, 0.0, 0.0, 1.0],
                [0.946018, -0.041247, 0.321481, -0.0, 0.012331, 0.995731, 0.091471, 0.4, -0.323881, -0.082569, 0.942488, 0.0, 0.0, 0.0, 0.0, 1.0],
                [0.946018, -0.041247, 0.321481, -0.0, 0.012331, 0.995731, 0.091471, 0.4, -0.323881, -0.082569, 0.942488, 0.0, 0.0, 0.0, 0.0, 1.0],
                [0.946018, -0.041247, 0.321481, -0.0, 0.012331, 0.995731, 0.091471, 0.4, -0.323881, -0.082569, 0.942488, 0.0, 0.0, 0.0, 0.0, 1.0],
                [0.946018, -0.041247, 0.321481, -0.0, 0.012331, 0.995731, 0.091471, 0.4, -0.323881, -0.082569, 0.942488, -0.0, 0.0, 0.0, 0.0, 1.0]
            ]
        },
        {
            "name": "Shoulder_R",
            "time": [0.0, 0.0833, 0.1667, 0.25, 0.3333, 0.4167, 0.5, 0.5833, 0.6667, 0.75, 0.8333, 0.9167, 1.0, 1.0833, 1.1667, 1.25, 1.3333],
            "transform": [
                [0.0, 0.952114, 0.305743, -0.022513, 0.0, -0.305743, 0.952114, 0.395023, 1.0, 0.0, -0.0, -0.059864, 0.0, 0.0, 0.0, 1.0],
                [0.0, 0.952114, 0.305743, -0.022513, 0.0, -0.305743, 0.952114, 0.395023, 1.0, 0.0, -0.0, -0.059864, 0.0, 0.0, 0.0, 1.0],
                [0.0, 0.952114, 0.305743, -0.022513, 0.0, -0.305743, 0.952114, 0.395023, 1.0, 0.0, -0.0, -0.059864, 0.0, 0.0, 0.0, 1.0],
                [0.0, 0.952114, 0.305743, -0.022513, 0.0, -0.305743, 0.952114, 0.395023, 1.0, 0.0, -0.0, -0.059864, 0.0, 0.0, 0.0, 1.0],
                [0.0, 0.952114, 0.305743, -0.022513, 0.0, -0.305743, 0.952114, 0.395023, 1.0, 0.0, -0.0, -0.059864, 0.0, 0.0, 0.0, 1.0],
                [0.0, 0.952114, 0.305743, -0.022513, 0.0, -0.305743, 0.952114, 0.395023, 1.0, -0.0, -0.0, -0.059864, 0.0, 0.0, 0.0, 1.0],
                [0.0, 0.952114, 0.305743, -0.022513, 0.0, -0.305743, 0.952114, 0.395023, 1.0, -0.0, -0.0, -0.059864, 0.0, 0.0, 0.0, 1.0],
                [0.0, 0.952114, 0.305743, -0.022513, 0.0, -0.305743, 0.952114, 0.395023, 1.0, -0.0, -0.0, -0.059864, 0.0, 0.0, 0.0, 1.0],
                [0.0, 0.952114, 0.305743, -0.022513, 0.0, -0.305743, 0.952114, 0.395023, 1.0, -0.0, -0.0, -0.059864, 0.0, 0.0, 0.0, 1.0],
                [0.0, 0.952114, 0.305743, -0.022513, 0.0, -0.305743, 0.952114, 0.395023, 1.0, -0.0, -0.0, -0.059864, 0.0, 0.0, 0.0, 1.0],
                [0.0, 0.952114, 0.305743, -0.022513, 0.0, -0.305743, 0.952114, 0.395023, 1.0, -0.0, -0.0, -0.059864, 0.0, 0.0, 0.0, 1.0],
                [0.0, 0.952114, 0.305743, -0.022513, 0.0, -0.305743, 0.952114, 0.395023, 1.0, -0.0, -0.0, -0.059864, 0.0, 0.0, 0.0, 1.0],
                [0.0, 0.952114, 0.305743, -0.022513, 0.0, -0.305743, 0.952114, 0.395023, 1.0, -0.0, -0.0, -0.059864, 0.0, 0.0, 0.0, 1.0],
                [0.0, 0.952114, 0.305743, -0.022513, 0.0, -0.305743, 0.952114, 0.395023, 1.0, -0.0, -0.0, -0.059864, 0.0, 0.0, 0.0, 1.0],
                [0.0, 0.952114, 0.305743, -0.022513, 0.0, -0.305743, 0.952114, 0.395023, 1.0, -0.0, -0.0, -0.059864, 0.0, 0.0, 0.0, 1.0],
                [0.0, 0.952114, 0.305743, -0.022513, 0.0, -0.305743, 0.952114, 0.395023, 1.0, -0.0, -0.0, -0.059864, 0.0, 0.0, 0.0, 1.0],
                [0.0, 0.952114, 0.305743, -0.022513, 0.0, -0.305743, 0.952114, 0.395023, 1.0, 0.0, -0.0, -0.059864, 0.0, 0.0, 0.0, 1.0]
            ]
        },
        {
            "name": "Arm_R",
            "time": [0.0, 0.0833, 0.1667, 0.25, 0.3333, 0.4167, 0.5, 0.5833, 0.6667, 0.75, 0.8333, 0.9167, 1.0, 1.0833, 1.1667, 1.25, 1.3333],
            "transform": [
                [-0.095948, -0.328288, -0.939692, -0.0, 0.916707, 0.338722, -0.211936, 0.39386, 0.387871, -0.881756, 0.268444, -0.0, 0.0, 0.0, 0.0, 1.0],
                [-0.095988, -0.328156, -0.939735, -0.0, 0.91672, 0.3387, -0.211912, 0.39386, 0.387828, -0.881814, 0.268315, -0.0, 0.0, 0.0, 0.0, 1.0],
                [-0.096028, -0.328026, -0.939776, -0.0, 0.916734, 0.338677, -0.211889, 0.39386, 0.387786, -0.881871, 0.26819, -0.0, 0.0, 0.0, 0.0, 1.0],
                [-0.096068, -0.3279, -0.939816, -0.0, 0.916748, 0.338654, -0.211866, 0.39386, 0.387744, -0.881927, 0.268067, -0.0, 0.0, 0.0, 0.0, 1.0],
                [-0.096107, -0.327778, -0.939854, -0.0, 0.916762, 0.338631, -0.211845, 0.39386, 0.387702, -0.881981, 0.267949, -0.0, 0.0, 0.0, 0.0, 1.0],
                [-0.096146, -0.32766, -0.939891, -0.0, 0.916774, 0.338607, -0.211825, 0.39386, 0.387661, -0.882034, 0.267834, 0.0, 0.0, 0.0, 0.0, 1.0],
                [-0.096184, -0.327546, -0.939927, -0.0, 0.916788, 0.338583, -0.211806, 0.39386, 0.38762, -0.882086, 0.267723, 0.0, 0.0, 0.0, 0.0, 1.0],
                [-0.096222, -0.327436, -0.939962, 0.0, 0.916801, 0.338559, -0.211788, 0.39386, 0.38758, -0.882136, 0.267616, 0.0, 0.0, 0.0, 0.0, 1.0],
                [-0.096259, -0.327331, -0.939995, 0.0, 0.916814, 0.338535, -0.211772, 0.39386, 0.38754, -0.882184, 0.267514, 0.0, 0.0, 0.0, 0.0, 1.0],
                [-0.096295, -0.32723, -0.940026, 0.0, 0.916826, 0.338511, -0.211757, 0.39386, 0.387502, -0.882231, 0.267416, 0.0, 0.0, 0.0, 0.0, 1.0],
                [-0.09633, -0.327134, -0.940056, 0.0, 0.916838, 0.338487, -0.211743, 0.39386, 0.387465, -0.882276, 0.267322, 0.0, 0.0, 0.0, 0.0, 1.0],
                [-0.096364, -0.327044, -0.940084, -0.0, 0.91685, 0.338463, -0.21173, 0.39386, 0.387428, -0.882318, 0.267234, -0.0, 0.0, 0.0, 0.0, 1.0],
                [-0.096398, -0.326957, -0.94011, 0.0, 0.916861, 0.338439, -0.211718, 0.39386, 0.387393, -0.88236, 0.267149, 0.0, 0.0, 0.0, 0.0, 1.0],
                [-0.09643, -0.326876, -0.940136, -0.0, 0.916872, 0.338416, -0.211708, 0.39386, 0.387359, -0.882399, 0.267069, -0.0, 0.0, 0.0, 0.0, 1.0],
                [-0.09646, -0.326894, -0.940126, -0.0, 0.916883, 0.338372, -0.211732, 0.39386, 0.387326, -0.882409, 0.267083, -0.0, 0.0, 0.0, 0.0, 1.0],
                [-0.09649, -0.326819, -0.940149, -0.0, 0.916893, 0.338351, -0.211722, 0.39386, 0.387295, -0.882445, 0.26701, -0.0, 0.0, 0.0, 0.0, 1.0],
                [-0.096518, -0.326749, -0.94017, 0.0, 0.916903, 0.33833, -0.211714, 0.39386, 0.387265, -0.882478, 0.266941, 0.0, 0.0, 0.0, 0.0, 1.0]
            ]
        },
        {
            "name": "Hand_R",
            "time": [0.0, 0.0833, 0.1667, 0.25, 0.3333, 0.4167, 0.5, 0.5833, 0.6667, 0.75, 0.8333, 0.9167, 1.0, 1.0833, 1.1667, 1.25, 1.3333],
            "transform": [
                [1.0, -2e-06, 2e-06, 0.0, 3e-06, 0.324128, -0.946013, 0.300002, 2e-06, 0.946013, 0.324128, -0.0, 0.0, 0.0, 0.0, 1.0],
                [1.0, -2e-06, 2e-06, 0.0, 3e-06, 0.325688, -0.945477, 0.300002, 2e-06, 0.945477, 0.325688, -0.0, 0.0, 0.0, 0.0, 1.0],
                [1.0, -2e-06, 2e-06, 0.0, 3e-06, 0.327248, -0.944938, 0.300002, 2e-06, 0.944938, 0.327248, -0.0, 0.0, 0.0, 0.0, 1.0],
                [0.999999, -2e-06, 2e-06, -0.0, 3e-06, 0.328802, -0.944399, 0.300002, 2e-06, 0.944398, 0.328802, 0.0, 0.0, 0.0, 0.0, 1.0],
                [1.0, -2e-06, 2e-06, -0.0, 3e-06, 0.330348, -0.943859, 0.300003, 2e-06, 0.943859, 0.330348, -0.0, 0.0, 0.0, 0.0, 1.0],
                [1.0, -3e-06, 2e-06, -0.0, 3e-06, 0.331882, -0.943321, 0.300003, 2e-06, 0.943321, 0.331882, -0.0, 0.0, 0.0, 0.0, 1.0],
                [1.0, -3e-06, 2e-06, -0.0, 3e-06, 0.333398, -0.942786, 0.300002, 2e-06, 0.942786, 0.333398, -0.0, 0.0, 0.0, 0.0, 1.0],
                [1.0, -2e-06, 2e-06, 0.0, 3e-06, 0.334894, -0.942255, 0.300003, 2e-06, 0.942255, 0.334894, -0.0, 0.0, 0.0, 0.0, 1.0],
                [1.0, -2e-06, 2e-06, 0.0, 3e-06, 0.336366, -0.941731, 0.300002, 2e-06, 0.941731, 0.336366, -0.0, 0.0, 0.0, 0.0, 1.0],
                [0.999999, -2e-06, 2e-06, -0.0, 3e-06, 0.337809, -0.941214, 0.300003, 2e-06, 0.941214, 0.337809, -0.0, 0.0, 0.0, 0.0, 1.0],
                [1.0, -2e-06, 2e-06, 0.0, 3e-06, 0.33922, -0.940707, 0.300002, 2e-06, 0.940707, 0.339221, 0.0, 0.0, 0.0, 0.0, 1.0],
                [1.0, -3e-06, 2e-06, 0.0, 3e-06, 0.340598, -0.940209, 0.300002, 2e-06, 0.940209, 0.340598, -0.0, 0.0, 0.0, 0.0, 1.0],
                [1.0, -2e-06, 2e-06, -0.0, 3e-06, 0.341933, -0.939724, 0.300003, 2e-06, 0.939724, 0.341933, 0.0, 0.0, 0.0, 0.0, 1.0],
                [1.0, -3e-06, 2e-06, -0.0, 3e-06, 0.343227, -0.939253, 0.300002, 2e-06, 0.939253, 0.343227, 0.0, 0.0, 0.0, 0.0, 1.0],
                [1.0, -3e-06, 2e-06, -0.0, 3e-06, 0.344659, -0.938728, 0.300003, 2e-06, 0.938728, 0.344659, -0.0, 0.0, 0.0, 0.0, 1.0],
                [1.0, -3e-06, 2e-06, -0.0, 3e-06, 0.34585, -0.93829, 0.300002, 2e-06, 0.93829, 0.34585, -0.0, 0.0, 0.0, 0.0, 1.0],
                [1.0, -2e-06, 2e-06, -0.0, 2e-06, 0.346988, -0.937869, 0.300003, 2e-06, 0.93787, 0.346988, -0.0, 0.0, 0.0, 0.0, 1.0]
            ]
        },
        {
            "name": "Tool_R",
            "time": [0.0, 0.0833, 0.1667, 0.25, 0.3333, 0.4167, 0.5, 0.5833, 0.6667, 0.75, 0.8333, 0.9167, 1.0, 1.0833, 1.1667, 1.25, 1.3333],
            "transform": [
                [0.998224, 0.004198, 0.059428, 0.0, 0.018373, -0.970588, -0.240047, 0.271711, 0.056672, 0.240713, -0.968941, -0.028915, 0.0, 0.0, 0.0, 1.0],
                [0.998224, 0.004198, 0.059428, 0.0, 0.018373, -0.970588, -0.240047, 0.271711, 0.056672, 0.240713, -0.968941, -0.028915, 0.0, 0.0, 0.0, 1.0],
                [0.998224, 0.004198, 0.059428, 0.0, 0.018373, -0.970588, -0.240047, 0.271711, 0.056672, 0.240713, -0.968941, -0.028915, 0.0, 0.0, 0.0, 1.0],
                [0.998224, 0.004198, 0.059428, 0.0, 0.018373, -0.970588, -0.240047, 0.271711, 0.056672, 0.240713, -0.968941, -0.028915, 0.0, 0.0, 0.0, 1.0],
                [0.998224, 0.004198, 0.059428, 0.0, 0.018373, -0.970588, -0.240047, 0.271711, 0.056672, 0.240713, -0.968941, -0.028915, 0.0, 0.0, 0.0, 1.0],
                [0.998224, 0.004198, 0.059428, 0.0, 0.018373, -0.970588, -0.240047, 0.271711, 0.056672, 0.240713, -0.968941, -0.028915, 0.0, 0.0, 0.0, 1.0],
                [0.998224, 0.004198, 0.059428, 0.0, 0.018373, -0.970588, -0.240047, 0.271711, 0.056672, 0.240713, -0.968941, -0.028915, 0.0, 0.0, 0.0, 1.0],
                [0.998224, 0.004198, 0.059428, 0.0, 0.018373, -0.970588, -0.240047, 0.271711, 0.056672, 0.240713, -0.968941, -0.028915, 0.0, 0.0, 0.0, 1.0],
                [0.998224, 0.004198, 0.059428, 0.0, 0.018373, -0.970588, -0.240047, 0.271711, 0.056672, 0.240713, -0.968941, -0.028915, 0.0, 0.0, 0.0, 1.0],
                [0.998224, 0.004198, 0.059428, 0.0, 0.018373, -0.970588, -0.240047, 0.271711, 0.056672, 0.240713, -0.968941, -0.028915, 0.0, 0.0, 0.0, 1.0],
                [0.998224, 0.004198, 0.059428, 0.0, 0.018373, -0.970588, -0.240047, 0.271711, 0.056672, 0.240713, -0.968941, -0.028915, 0.0, 0.0, 0.0, 1.0],
