{
    "armature": {
        "joints": ["Root", "Thigh_R", "Leg_R", "Knee_R", "Thigh_L", "Leg_L", "Knee_L", "Torso", "Chest", "Head", "Shoulder_R", "Arm_R", "Hand_R", "Tool_R", "Elbow_R", "Shoulder_L", "Arm_L", "Hand_L", "Tool_L", "Elbow_L"],
        "hierarchy": [
            {
                "name": "Root",
                "transform": [1.0, 0.0, 0.0, -5e-06, 0.0, 0.0, -1.0, 0.000946, 0.0, 1.0, 0.0, 0.763972, 0.0, 0.0, 0.0, 1.0],
                "children": [
                    {
                        "name": "Thigh_R",
                        "transform": [1.0, -0.0, -0.0, 0.124994, -0.0, -0.999984, 0.00567, -0.002831, -0.0, -0.00567, -0.999984, -1.2e-05, 0.0, 0.0, 0.0, 1.0],
                        "children": [
                            {
                                "name": "Leg_R",
                                "transform": [1.0, 0.0, 1e-06, -0.0, -0.0, 0.999936, 0.011335, 0.374726, -1e-06, -0.011335, 0.999936, 0.0, 0.0, 0.0, 0.0, 1.0],
                                "children": []
                            },
                            {
                                "name": "Knee_R",
                                "transform": [1.0, 0.0, -0.0, -0.0, -0.0, 0.00567, -0.999984, 0.374726, -0.0, 0.999984, 0.00567, 0.0, 0.0, 0.0, 0.0, 1.0],
                                "children": []
                            }
                        ]
                    },
                    {
                        "name": "Thigh_L",
                        "transform": [1.0, -0.0, -0.0, -0.125006, -0.0, -0.999984, 0.00567, -0.002831, -0.0, -0.00567, -0.999984, -1.2e-05, 0.0, 0.0, 0.0, 1.0],
                        "children": [
                            {
                                "name": "Leg_L",
                                "transform": [1.0, 0.0, 1e-06, -0.0, -0.0, 0.999936, 0.011335, 0.374726, -1e-06, -0.011335, 0.999936, -0.0, 0.0, 0.0, 0.0, 1.0],
                                "children": []
                            },
                            {
                                "name": "Knee_L",
                                "transform": [1.0, 0.0, -0.0, -0.0, -0.0, 0.00567, -0.999984, 0.374726, -0.0, 0.999984, 0.00567, -0.0, 0.0, 0.0, 0.0, 1.0],
                                "children": []
                            }
                        ]
                    },
                    {
                        "name": "Torso",
                        "transform": [1.0, 0.0, 0.0, 0.0, 0.0, 1.0, 0.0, 0.05, 0.0, 0.0, 1.0, 0.0, 0.0, 0.0, 0.0, 1.0],
                        "children": [
                            {
                                "name": "Chest",
                                "transform": [1.0, 0.0, 0.0, 0.0, 0.0, 1.0, 0.0, 0.3, 0.0, 0.0, 1.0, 0.0, 0.0, 0.0, 0.0, 1.0],
                                "children": [
                                    {
                                        "name": "Head",
                                        "transform": [1.0, 0.0, 0.0, 0.0, 0.0, 1.0, 0.0, 0.4, 0.0, 0.0, 1.0, 0.0, 0.0, 0.0, 0.0, 1.0],
                                        "children": []
                                    },
                                    {
                                        "name": "Shoulder_R",
                                        "transform": [0.0, 0.952114, 0.305743, 0.0, 0.0, -0.305743, 0.952114, 0.4, 1.0, 0.0, -0.0, 0.0, 0.0, 0.0, 0.0, 1.0],
                                        "children": [
                                            {
                                                "name": "Arm_R",
                                                "transform": [0.0, 0.003946, -0.999992, -0.0, 0.952114, 0.305741, 0.001207, 0.39386, 0.305743, -0.952107, -0.003757, 0.0, 0.0, 0.0, 0.0, 1.0],
                                                "children": [
                                                    {
                                                        "name": "Hand_R",
                                                        "transform": [1.0, -0.0, 0.0, 0.0, 0.0, 0.999963, -0.008633, 0.300003, -0.0, 0.008633, 0.999963, 0.0, 0.0, 0.0, 0.0, 1.0],
                                                        "children": [
                                                            {
                                                                "name": "Tool_R",
                                                                "transform": [1.0, -0.0, 0.0, 0.0, 0.0, -0.999559, -0.029689, 0.271711, 0.0, 0.029689, -0.999559, -0.028915, 0.0, 0.0, 0.0, 1.0],
                                                                "children": []
                                                            }
                                                        ]
                                                    },
                                                    {
                                                        "name": "Elbow_R",
                                                        "transform": [-1.0, 0.0, -0.0, 0.0, 0.0, 0.003946, -0.999992, 0.300008, -0.0, -0.999992, -0.003946, -0.001252, 0.0, 0.0, 0.0, 1.0],
                                                        "children": []
                                                    }
                                                ]
                                            }
                                        ]
                                    },
                                    {
                                        "name": "Shoulder_L",
                                        "transform": [-0.0, -0.952114, -0.305743, 0.0, 0.0, -0.305743, 0.952114, 0.4, -1.0, 0.0, 0.0, 0.0, 0.0, 0.0, 0.0, 1.0],
                                        "children": [
                                            {
                                                "name": "Arm_L",
                                                "transform": [-0.0, -0.003946, 0.999992, -0.0, -0.952114, 0.305741, 0.001206, 0.39386, -0.305743, -0.952106, -0.003757, 0.0, 0.0, 0.0, 0.0, 1.0],
                                                "children": [
                                                    {
                                                        "name": "Hand_L",
                                                        "transform": [1.0, -0.0, 0.0, -0.0, 0.0, 0.999963, -0.008633, 0.300003, -0.0, 0.008633, 0.999963, -0.0, 0.0, 0.0, 0.0, 1.0],
                                                        "children": [
                                                            {
                                                                "name": "Tool_L",
                                                                "transform": [1.0, -0.0, 0.0, -0.0, 0.0, -0.999559, -0.029689, 0.271711, 0.0, 0.029689, -0.999559, -0.028915, 0.0, 0.0, 0.0, 1.0],
                                                                "children": []
                                                            }
                                                        ]
                                                    },
                                                    {
                                                        "name": "Elbow_L",
                                                        "transform": [-1.0, 0.0, -0.0, -0.0, 0.0, 0.003946, -0.999992, 0.300008, -0.0, -0.999992, -0.003946, -0.001252, 0.0, 0.0, 0.0, 1.0],
                                                        "children": []
                                                    }
                                                ]
                                            }
                                        ]
                                    }
                                ]
                            }
                        ]
                    }
                ]
            },
            {},
            {},
            {},
            {},
            {},
            {},
            {},
            {}
        ]
    },
    "animation": [
        {
            "name": "Root",
            "time": [0.0, 0.0833, 0.1667, 0.25, 0.3333, 1.6667],
            "transform": [
                [1.0, 0.0, 0.0, -5e-06, 0.0, 0.0, -1.0, 0.000946, 0.0, 1.0, 0.0, 0.763972, 0.0, 0.0, 0.0, 1.0],
                [1.0, 0.0, 0.0, -5e-06, 0.0, 0.0, -1.0, 0.000946, 0.0, 1.0, 0.0, 0.763972, 0.0, 0.0, 0.0, 1.0],
                [1.0, 0.0, 0.0, -5e-06, 0.0, 0.0, -1.0, 0.000946, 0.0, 1.0, 0.0, 0.763972, 0.0, 0.0, 0.0, 1.0],
                [1.0, 0.0, 0.0, -5e-06, 0.0, 0.0, -1.0, 0.000946, 0.0, 1.0, 0.0, 0.763972, 0.0, 0.0, 0.0, 1.0],
                [1.0, 0.0, 0.0, -5e-06, 0.0, 0.0, -1.0, 0.000946, 0.0, 1.0, 0.0, 0.763972, 0.0, 0.0, 0.0, 1.0],
                [1.0, 0.0, 0.0, -5e-06, 0.0, 0.0, -1.0, 0.000946, 0.0, 1.0, 0.0, 0.763972, 0.0, 0.0, 0.0, 1.0]
            ]
        },
        {
            "name": "Thigh_R",
            "time": [0.0, 0.0833, 0.1667, 0.25, 0.3333, 1.6667],
            "transform": [
                [1.0, -0.0, 0.0, 0.124994, -0.0, -0.999982, 0.005643, -0.002831, 0.0, -0.005643, -0.999985, -1.2e-05, 0.0, 0.0, 0.0, 1.0],
                [1.0, -0.0, 0.0, 0.124994, -0.0, -0.999982, 0.005643, -0.002831, 0.0, -0.005643, -0.999985, -1.2e-05, 0.0, 0.0, 0.0, 1.0],
                [1.0, -0.0, 0.0, 0.124994, -0.0, -0.999982, 0.005643, -0.002831, 0.0, -0.005643, -0.999985, -1.2e-05, 0.0, 0.0, 0.0, 1.0],
                [1.0, -0.0, 0.0, 0.124994, -0.0, -0.999982, 0.005643, -0.002831, 0.0, -0.005643, -0.999985, -1.2e-05, 0.0, 0.0, 0.0, 1.0],
                [1.0, -0.0, 0.0, 0.124994, -0.0, -0.999982, 0.005643, -0.002831, 0.0, -0.005643, -0.999985, -1.2e-05, 0.0, 0.0, 0.0, 1.0],
                [1.0, -0.0, 0.0, 0.124994, -0.0, -0.999982, 0.005643, -0.002831, 0.0, -0.005643, -0.999985, -1.2e-05, 0.0, 0.0, 0.0, 1.0]
            ]
        },
        {
            "name": "Leg_R",
            "time": [0.0, 0.0833, 0.1667, 0.25, 0.3333, 1.6667],
            "transform": [
                [1.0, -0.0, 1e-06, -0.0, -0.0, 0.999939, 0.011281, 0.374726, -1e-06, -0.011281, 0.999933, -0.0, 0.0, 0.0, 0.0, 1.0],
                [1.0, -0.0, 1e-06, -0.0, -0.0, 0.999939, 0.011281, 0.374726, -1e-06, -0.011281, 0.999933, -0.0, 0.0, 0.0, 0.0, 1.0],
                [1.0, -0.0, 1e-06, -0.0, -0.0, 0.999939, 0.011281, 0.374726, -1e-06, -0.011281, 0.999933, -0.0, 0.0, 0.0, 0.0, 1.0],
                [1.0, -0.0, 1e-06, -0.0, -0.0, 0.999939, 0.011281, 0.374726, -1e-06, -0.011281, 0.999933, -0.0, 0.0, 0.0, 0.0, 1.0],
                [1.0, -0.0, 1e-06, -0.0, -0.0, 0.999939, 0.011281, 0.374726, -1e-06, -0.011281, 0.999933, -0.0, 0.0, 0.0, 0.0, 1.0],
                [1.0, -0.0, 1e-06, -0.0, -0.0, 0.999939, 0.011281, 0.374726, -1e-06, -0.011281, 0.999933, -0.0, 0.0, 0.0, 0.0, 1.0]
            ]
        },
        {
            "name": "Knee_R",
            "time": [0.0, 1.6667],
            "transform": [
                [1.0, 0.0, -0.0, 0.0, -0.0, 0.00567, -0.999984, 0.374726, -0.0, 0.999984, 0.00567, -0.0, 0.0, 0.0, 0.0, 1.0],
                [1.0, 0.0, -0.0, 0.0, -0.0, 0.00567, -0.999984, 0.374726, -0.0, 0.999984, 0.00567, -0.0, 0.0, 0.0, 0.0, 1.0]
            ]
        },
        {
            "name": "Thigh_L",
            "time": [0.0, 0.0833, 0.1667, 0.25, 0.3333, 1.6667],
            "transform": [
                [1.0, -0.0, 0.0, -0.125006, -0.0, -0.999984, 0.005618, -0.002831, 0.0, -0.005618, -0.999984, -1.2e-05, 0.0, 0.0, 0.0, 1.0],
                [1.0, -0.0, 0.0, -0.125006, -0.0, -0.999984, 0.005618, -0.002831, 0.0, -0.005618, -0.999984, -1.2e-05, 0.0, 0.0, 0.0, 1.0],
                [1.0, -0.0, 0.0, -0.125006, -0.0, -0.999984, 0.005618, -0.002831, 0.0, -0.005618, -0.999984, -1.2e-05, 0.0, 0.0, 0.0, 1.0],
                [1.0, -0.0, 0.0, -0.125006, -0.0, -0.999984, 0.005618, -0.002831, 0.0, -0.005618, -0.999984, -1.2e-05, 0.0, 0.0, 0.0, 1.0],
                [1.0, -0.0, 0.0, -0.125006, -0.0, -0.999984, 0.005618, -0.002831, 0.0, -0.005618, -0.999984, -1.2e-05, 0.0, 0.0, 0.0, 1.0],
                [1.0, -0.0, 0.0, -0.125006, -0.0, -0.999984, 0.005618, -0.002831, 0.0, -0.005618, -0.999984, -1.2e-05, 0.0, 0.0, 0.0, 1.0]
            ]
        },
        {
            "name": "Leg_L",
            "time": [0.0, 0.0833, 0.1667, 0.25, 0.3333, 1.6667],
            "transform": [
                [1.0, -0.0, 1e-06, -0.0, -0.0, 0.999937, 0.011232, 0.374726, -1e-06, -0.011232, 0.999937, 0.0, 0.0, 0.0, 0.0, 1.0],
                [1.0, -0.0, 1e-06, -0.0, -0.0, 0.999937, 0.011232, 0.374726, -1e-06, -0.011232, 0.999937, 0.0, 0.0, 0.0, 0.0, 1.0],
                [1.0, -0.0, 1e-06, -0.0, -0.0, 0.999937, 0.011232, 0.374726, -1e-06, -0.011232, 0.999937, 0.0, 0.0, 0.0, 0.0, 1.0],
                [1.0, -0.0, 1e-06, -0.0, -0.0, 0.999937, 0.011232, 0.374726, -1e-06, -0.011232, 0.999937, 0.0, 0.0, 0.0, 0.0, 1.0],
                [1.0, -0.0, 1e-06, -0.0, -0.0, 0.999937, 0.011232, 0.374726, -1e-06, -0.011232, 0.999937, 0.0, 0.0, 0.0, 0.0, 1.0],
                [1.0, -0.0, 1e-06, -0.0, -0.0, 0.999937, 0.011232, 0.374726, -1e-06, -0.011232, 0.999937, 0.0, 0.0, 0.0, 0.0, 1.0]
            ]
        },
        {
            "name": "Knee_L",
            "time": [0.0, 1.6667],
            "transform": [
                [1.0, 0.0, -0.0, -0.0, -0.0, 0.00567, -0.999984, 0.374726, -0.0, 0.999984, 0.00567, 0.0, 0.0, 0.0, 0.0, 1.0],
                [1.0, 0.0, -0.0, -0.0, -0.0, 0.00567, -0.999984, 0.374726, -0.0, 0.999984, 0.00567, 0.0, 0.0, 0.0, 0.0, 1.0]
            ]
        },
        {
            "name": "Torso",
            "time": [0.0, 0.0833, 0.1667, 0.25, 0.3333, 1.6667],
            "transform": [
                [1.0, 0.0, 0.0, 0.0, 0.0, 1.0, 0.0, 0.05, 0.0, 0.0, 1.0, 0.0, 0.0, 0.0, 0.0, 1.0],
                [0.998841, 0.018641, 0.044381, 0.0, -0.016342, 0.998535, -0.051593, 0.05, -0.045278, 0.050808, 0.997682, 0.0, 0.0, 0.0, 0.0, 1.0],
                [0.998966, -0.0, 0.045468, 0.0, 0.0, 1.0, -0.0, 0.05, -0.045468, 0.0, 0.998966, 0.0, 0.0, 0.0, 0.0, 1.0],
                [0.998966, -0.0, 0.045468, 0.0, 0.0, 1.0, -0.0, 0.05, -0.045468, 0.0, 0.998966, 0.0, 0.0, 0.0, 0.0, 1.0],
                [0.998784, -0.018782, 0.045589, 0.0, 0.013554, 0.99357, 0.112405, 0.05, -0.047407, -0.11165, 0.992616, 0.0, 0.0, 0.0, 0.0, 1.0],
                [0.998784, -0.018782, 0.045589, 0.0, 0.013554, 0.99357, 0.112405, 0.05, -0.047407, -0.11165, 0.992616, 0.0, 0.0, 0.0, 0.0, 1.0]
            ]
        },
        {
            "name": "Chest",
            "time": [0.0, 0.0833, 0.1667, 0.25, 0.3333, 1.6667],
            "transform": [
                [1.0, 0.0, 0.0, 0.0, 0.0, 1.0, 0.0, 0.3, 0.0, 0.0, 1.0, 0.0, 0.0, 0.0, 0.0, 1.0],
                [0.99999, -0.000165, -0.00449, 0.0, -0.0, 0.999327, -0.036687, 0.3, 0.004493, 0.036687, 0.999317, 0.0, 0.0, 0.0, 0.0, 1.0],
                [0.99999, -0.000165, -0.00449, -0.0, -0.0, 0.999327, -0.036687, 0.3, 0.004493, 0.036687, 0.999317, -0.0, 0.0, 0.0, 0.0, 1.0],
                [1.0, 0.0, -0.0, -0.0, -0.0, 0.989152, 0.146896, 0.3, -0.0, -0.146896, 0.989152, -0.0, 0.0, 0.0, 0.0, 1.0],
                [0.99963, 0.022671, 0.015031, 0.0, -0.026384, 0.942542, 0.333044, 0.3, -0.006617, -0.333317, 0.942791, -0.0, 0.0, 0.0, 0.0, 1.0],
                [0.99963, 0.022671, 0.015031, 0.0, -0.026384, 0.942542, 0.333044, 0.3, -0.006617, -0.333317, 0.942791, -0.0, 0.0, 0.0, 0.0, 1.0]
            ]
        },
        {
            "name": "Head",
            "time": [0.0, 0.0833, 0.1667, 0.25, 0.3333, 1.6667],
            "transform": [
                [1.0, 0.0, 0.0, 0.0, 0.0, 1.0, 0.0, 0.4, 0.0, 0.0, 1.0, 0.0, 0.0, 0.0, 0.0, 1.0],
                [1.0, 0.0, -0.0, 0.0, 0.0, 1.0, -0.0, 0.4, -0.0, -0.0, 1.0, 0.0, 0.0, 0.0, 0.0, 1.0],
                [1.0, -0.0, -0.0, -0.0, -0.0, 1.0, 0.0, 0.4, 0.0, 0.0, 1.0, 0.0, 0.0, 0.0, 0.0, 1.0],
                [1.0, 0.0, -0.0, 0.0, 0.0, 1.0, -0.0, 0.4, 0.0, -0.0, 1.0, -0.0, 0.0, 0.0, 0.0, 1.0],
                [1.0, -0.0, 0.0, 0.0, 0.0, 1.0, 0.0, 0.4, -0.0, 0.0, 1.0, -0.0, 0.0, 0.0, 0.0, 1.0],
                [1.0, -0.0, 0.0, 0.0, 0.0, 1.0, 0.0, 0.4, -0.0, 0.0, 1.0, -0.0, 0.0, 0.0, 0.0, 1.0]
            ]
        },
        {
            "name": "Shoulder_R",
            "time": [0.0, 0.0833, 0.1667, 0.25, 0.3333, 1.6667],
            "transform": [
                [0.0, 0.952114, 0.305743, 0.0, 0.0, -0.305743, 0.952114, 0.4, 1.0, 0.0, -0.0, 0.0, 0.0, 0.0, 0.0, 1.0],
                [0.0, 0.952114, 0.305743, 0.0, 0.0, -0.305743, 0.952114, 0.4, 1.0, 0.0, -0.0, 0.0, 0.0, 0.0, 0.0, 1.0],
                [0.0, 0.952114, 0.305743, -0.0, 0.0, -0.305743, 0.952114, 0.4, 1.0, -0.0, -0.0, 0.0, 0.0, 0.0, 0.0, 1.0],
                [0.0, 0.952114, 0.305743, 0.0, 0.0, -0.305743, 0.952114, 0.4, 1.0, 0.0, -0.0, -0.0, 0.0, 0.0, 0.0, 1.0],
                [0.0, 0.952114, 0.305743, 0.0, 0.0, -0.305743, 0.952114, 0.4, 1.0, -0.0, -0.0, -0.0, 0.0, 0.0, 0.0, 1.0],
                [0.0, 0.952114, 0.305743, 0.0, 0.0, -0.305743, 0.952114, 0.4, 1.0, -0.0, -0.0, -0.0, 0.0, 0.0, 0.0, 1.0]
            ]
        },
        {
            "name": "Arm_R",
            "time": [0.0, 0.0833, 0.1667, 0.25, 0.3333, 1.6667],
            "transform": [
                [0.385303, 0.072402, -0.919946, -0.0, 0.838797, 0.388079, 0.381858, 0.39386, 0.384659, -0.918779, 0.088797, 0.0, 0.0, 0.0, 0.0, 1.0],
                [0.309716, 0.31005, -0.898858, 0.0, 0.651474, 0.619378, 0.438123, 0.393861, 0.692573, -0.721277, -0.010158, -0.0, 0.0, 0.0, 0.0, 1.0],
                [0.000365, -0.563548, -0.826084, -0.0, 0.617335, 0.650007, -0.443157, 0.393861, 0.7867, -0.509809, 0.348135, -0.0, 0.0, 0.0, 0.0, 1.0],
                [-0.406226, -0.433457, -0.804423, 0.0, 0.324258, 0.75466, -0.57039, 0.39386, 0.854305, -0.492548, -0.166011, 0.0, 0.0, 0.0, 0.0, 1.0],
                [-0.567468, -0.795238, -0.213486, 0.0, 0.178201, 0.134517, -0.974756, 0.39386, 0.80388, -0.591187, 0.065377, 0.0, 0.0, 0.0, 0.0, 1.0],
                [-0.567468, -0.795238, -0.213486, 0.0, 0.178201, 0.134517, -0.974756, 0.39386, 0.80388, -0.591187, 0.065377, 0.0, 0.0, 0.0, 0.0, 1.0]
            ]
        },
        {
            "name": "Hand_R",
            "time": [0.0, 0.0833, 0.1667, 0.25, 0.3333, 1.6667],
            "transform": [
                [1.0, -1e-06, 0.0, 0.0, 1e-06, 0.958144, -0.286286, 0.300002, 0.0, 0.286287, 0.958144, 0.0, 0.0, 0.0, 0.0, 1.0],
                [1.0, -3e-06, 2e-06, -0.0, 3e-06, 0.516942, -0.856021, 0.300003, 2e-06, 0.85602, 0.516942, 0.0, 0.0, 0.0, 0.0, 1.0],
                [1.0, -3e-06, 3e-06, 0.0, 3e-06, 0.282435, -0.959287, 0.300002, 3e-06, 0.959286, 0.282435, 0.0, 0.0, 0.0, 0.0, 1.0],
                [1.0, -2e-06, 2e-06, 0.0, 2e-06, -0.018145, -0.999836, 0.300002, 2e-06, 0.999835, -0.018145, -0.0, 0.0, 0.0, 0.0, 1.0],
                [1.0, -2e-06, 2e-06, 0.0, 2e-06, -0.015498, -0.99988, 0.300003, 2e-06, 0.99988, -0.015498, -0.0, 0.0, 0.0, 0.0, 1.0],
                [1.0, -2e-06, 2e-06, 0.0, 2e-06, -0.015498, -0.99988, 0.300003, 2e-06, 0.99988, -0.015498, -0.0, 0.0, 0.0, 0.0, 1.0]
            ]
        },
        {
            "name": "Tool_R",
            "time": [0.0, 0.0833, 0.1667, 0.25, 0.3333, 1.6667],
            "transform": [
                [1.0, -0.0, 0.0, 0.0, -0.0, -0.940457, -0.339913, 0.271711, 0.0, 0.339913, -0.940457, -0.028915, 0.0, 0.0, 0.0, 1.0],
                [1.0, -0.0, 0.0, 0.0, 0.0, -0.940457, -0.339913, 0.271711, 0.0, 0.339913, -0.940457, -0.028915, 0.0, 0.0, 0.0, 1.0],
                [1.0, -0.0, 0.0, -0.0, -0.0, -0.940457, -0.339913, 0.271711, 0.0, 0.339913, -0.940458, -0.028915, 0.0, 0.0, 0.0, 1.0],
                [1.0, -0.0, 0.0, 0.0, 0.0, -0.940457, -0.339913, 0.271711, 0.0, 0.339913, -0.940457, -0.028915, 0.0, 0.0, 0.0, 1.0],
                [1.0, -0.0, 0.0, -0.0, -0.0, -0.940457, -0.339913, 0.271711, 0.0, 0.339913, -0.940457, -0.028915, 0.0, 0.0, 0.0, 1.0],
                [1.0, -0.0, 0.0, -0.0, -0.0, -0.940457, -0.339913, 0.271711, 0.0, 0.339913, -0.940457, -0.028915, 0.0, 0.0, 0.0, 1.0]
            ]
        },
        {
            "name": "Elbow_R",
            "time": [0.0, 1.6667],
            "transform": [
                [-1.0, 0.0, -0.0, -0.0, 0.0, 0.003946, -0.999992, 0.326407, -0.0, -0.999993, -0.003946, -0.001148, 0.0, 0.0, 0.0, 1.0],
                [-1.0, 0.0, -0.0, -0.0, 0.0, 0.003946, -0.999992, 0.447206, -0.0, -0.999992, -0.003946, -0.000671, 0.0, 0.0, 0.0, 1.0]
            ]
        },
        {
            "name": "Shoulder_L",
            "time": [0.0, 0.0833, 0.1667, 0.25, 0.3333, 1.6667],
            "transform": [
                [0.0, -0.952114, -0.305743, 0.0, 0.0, -0.305743, 0.952114, 0.4, -1.0, -0.0, 0.0, 0.0, 0.0, 0.0, 0.0, 1.0],
                [0.0, -0.952114, -0.305743, 0.0, 0.0, -0.305743, 0.952114, 0.4, -1.0, -0.0, 0.0, 0.0, 0.0, 0.0, 0.0, 1.0],
                [0.0, -0.952114, -0.305743, -0.0, 0.0, -0.305743, 0.952114, 0.4, -1.0, -0.0, 0.0, 0.0, 0.0, 0.0, 0.0, 1.0],
                [0.0, -0.952114, -0.305743, 0.0, 0.0, -0.305743, 0.952114, 0.4, -1.0, -0.0, 0.0, -0.0, 0.0, 0.0, 0.0, 1.0],
                [-0.0, -0.952114, -0.305743, 0.0, 0.0, -0.305743, 0.952114, 0.4, -1.0, -0.0, 0.0, -0.0, 0.0, 0.0, 0.0, 1.0],
                [-0.0, -0.952114, -0.305743, 0.0, 0.0, -0.305743, 0.952114, 0.4, -1.0, -0.0, 0.0, -0.0, 0.0, 0.0, 0.0, 1.0]
            ]
        },
        {
            "name": "Arm_L",
            "time": [0.0, 0.0833, 0.1667, 0.25, 0.3333, 1.6667],
            "transform": [
                [-0.143775, 0.047695, 0.98846, 0.0, -0.833547, 0.532548, -0.146939, 0.39386, -0.533411, -0.845054, -0.03681, 0.0, 0.0, 0.0, 0.0, 1.0],
                [0.069181, -0.059192, 0.995846, 0.0, -0.643797, 0.759897, 0.089892, 0.393861, -0.762062, -0.647341, 0.014463, 0.0, 0.0, 0.0, 0.0, 1.0],
                [-0.03111, 0.622403, 0.782078, 0.0, -0.522486, 0.656912, -0.543576, 0.39386, -0.85208, -0.425536, 0.304761, 0.0, 0.0, 0.0, 0.0, 1.0],
                [-0.293149, 0.91185, 0.287389, 0.0, -0.214421, 0.230232, -0.949219, 0.39386, -0.931712, -0.339885, 0.128028, 0.0, 0.0, 0.0, 0.0, 1.0],
                [-0.432341, 0.881948, 0.187744, -0.0, -0.055334, 0.181868, -0.981765, 0.39386, -0.900011, -0.434846, -0.029827, 0.0, 0.0, 0.0, 0.0, 1.0],
                [-0.432341, 0.881948, 0.187744, -0.0, -0.055334, 0.181868, -0.981765, 0.39386, -0.900011, -0.434846, -0.029827, 0.0, 0.0, 0.0, 0.0, 1.0]
            ]
        },
        {
            "name": "Hand_L",
            "time": [0.0, 0.0833, 0.1667, 0.25, 0.3333, 1.6667],
            "transform": [
                [1.0, -0.0, 0.0, 0.0, 0.0, 0.980605, -0.195993, 0.300003, 0.0, 0.195993, 0.980605, -0.0, 0.0, 0.0, 0.0, 1.0],
                [1.0, 1e-06, -1e-06, 0.0, -1e-06, 0.607531, -0.794296, 0.300003, -1e-06, 0.794295, 0.607531, -0.0, 0.0, 0.0, 0.0, 1.0],
                [1.0, 0.0, 0.0, -0.0, 0.0, 0.318736, -0.947843, 0.300002, -0.0, 0.947844, 0.318736, 0.0, 0.0, 0.0, 0.0, 1.0],
                [1.0, -1e-06, 0.0, -0.0, 1e-06, 0.808623, -0.588327, 0.300003, 0.0, 0.588326, 0.808623, 0.0, 0.0, 0.0, 0.0, 1.0],
                [1.000001, 1e-06, -1e-06, 0.0, -1e-06, 0.004353, -0.999991, 0.300003, -1e-06, 0.99999, 0.004353, 0.0, 0.0, 0.0, 0.0, 1.0],
                [1.000001, 1e-06, -1e-06, 0.0, -1e-06, 0.004353, -0.999991, 0.300003, -1e-06, 0.99999, 0.004353, 0.0, 0.0, 0.0, 0.0, 1.0]
            ]
        },
        {
            "name": "Tool_L",
            "time": [0.0, 0.0833, 0.1667, 0.25, 0.3333, 1.6667],
            "transform": [
                [1.0, -0.0, 0.0, 0.0, -0.0, -0.742229, -0.670146, 0.271711, 0.0, 0.670146, -0.74223, -0.028915, 0.0, 0.0, 0.0, 1.0],
                [1.0, -0.0, 0.0, -0.0, 0.0, -0.742229, -0.670146, 0.271711, 0.0, 0.670146, -0.74223, -0.028915, 0.0, 0.0, 0.0, 1.0],
                [1.0, -0.0, 0.0, -0.0, -0.0, -0.742229, -0.670146, 0.271711, 0.0, 0.670146, -0.74223, -0.028915, 0.0, 0.0, 0.0, 1.0],
                [1.0, -0.0, 0.0, -0.0, 0.0, -0.742229, -0.670146, 0.271711, 0.0, 0.670146, -0.742229, -0.028915, 0.0, 0.0, 0.0, 1.0],
                [1.0, -0.0, 0.0, 0.0, 0.0, -0.742229, -0.670146, 0.271711, 0.0, 0.670146, -0.74223, -0.028915, 0.0, 0.0, 0.0, 1.0],
                [1.0, -0.0, 0.0, 0.0, 0.0, -0.742229, -0.670146, 0.271711, 0.0, 0.670146, -0.74223, -0.028915, 0.0, 0.0, 0.0, 1.0]
            ]
        },
        {
            "name": "Elbow_L",
            "time": [0.0, 1.6667],
            "transform": [
                [-1.0, 0.0, -0.0, 0.0, 0.0, 0.003946, -0.999992, 0.317685, -0.0, -0.999993, -0.003946, -0.001183, 0.0, 0.0, 0.0, 1.0],
                [-1.0, 0.0, -0.0, 0.0, 0.0, 0.003946, -0.999992, 0.445989, -0.0, -0.999992, -0.003946, -0.000676, 0.0, 0.0, 0.0, 1.0]
            ]
        }
    ]
}