{
    "armature": {
        "joints": ["Root", "Thigh_R", "Leg_R", "Knee_R", "Thigh_L", "Leg_L", "Knee_L", "Torso", "Chest", "Head", "Shoulder_R", "Arm_R", "Hand_R", "Tool_R", "Elbow_R", "Shoulder_L", "Arm_L", "Hand_L", "Tool_L", "Elbow_L"],
        "hierarchy": [
            {
                "name": "Root",
                "transform": [1.0, 0.0, 0.0, -5e-06, 0.0, 0.0, -1.0, 0.000946, 0.0, 1.0, 0.0, 0.763972, 0.0, 0.0, 0.0, 1.0],
                "children": [
                    {
                        "name": "Thigh_R",
                        "transform": [1.0, -0.0, -0.0, 0.124994, -0.0, -0.999984, 0.00567, -0.002831, -0.0, -0.00567, -0.999984, -1.2e-05, 0.0, 0.0, 0.0, 1.0],
                        "children": [
                            {
                                "name": "Leg_R",
                                "transform": [1.0, 0.0, 1e-06, -0.0, -0.0, 0.999936, 0.011335, 0.374726, -1e-06, -0.011335, 0.999936, 0.0, 0.0, 0.0, 0.0, 1.0],
                                "children": []
                            },
                            {
                                "name": "Knee_R",
                                "transform": [1.0, 0.0, -0.0, -0.0, -0.0, 0.00567, -0.999984, 0.374726, -0.0, 0.999984, 0.00567, 0.0, 0.0, 0.0, 0.0, 1.0],
                                "children": []
                            }
                        ]
                    },
                    {
                        "name": "Thigh_L",
                        "transform": [1.0, -0.0, -0.0, -0.125006, -0.0, -0.999984, 0.00567, -0.002831, -0.0, -0.00567, -0.999984, -1.2e-05, 0.0, 0.0, 0.0, 1.0],
                        "children": [
                            {
                                "name": "Leg_L",
                                "transform": [1.0, 0.0, 1e-06, -0.0, -0.0, 0.999936, 0.011335, 0.374726, -1e-06, -0.011335, 0.999936, -0.0, 0.0, 0.0, 0.0, 1.0],
                                "children": []
                            },
                            {
                                "name": "Knee_L",
                                "transform": [1.0, 0.0, -0.0, -0.0, -0.0, 0.00567, -0.999984, 0.374726, -0.0, 0.999984, 0.00567, -0.0, 0.0, 0.0, 0.0, 1.0],
                                "children": []
                            }
                        ]
                    },
                    {
                        "name": "Torso",
                        "transform": [1.0, 0.0, 0.0, 0.0, 0.0, 1.0, 0.0, 0.05, 0.0, 0.0, 1.0, 0.0, 0.0, 0.0, 0.0, 1.0],
                        "children": [
                            {
                                "name": "Chest",
                                "transform": [1.0, 0.0, 0.0, 0.0, 0.0, 1.0, 0.0, 0.3, 0.0, 0.0, 1.0, 0.0, 0.0, 0.0, 0.0, 1.0],
                                "children": [
                                    {
                                        "name": "Head",
                                        "transform": [1.0, 0.0, 0.0, 0.0, 0.0, 1.0, 0.0, 0.4, 0.0, 0.0, 1.0, 0.0, 0.0, 0.0, 0.0, 1.0],
                                        "children": []
                                    },
                                    {
                                        "name": "Shoulder_R",
                                        "transform": [0.0, 0.952114, 0.305743, 0.0, 0.0, -0.305743, 0.952114, 0.4, 1.0, 0.0, -0.0, 0.0, 0.0, 0.0, 0.0, 1.0],
                                        "children": [
                                            {
                                                "name": "Arm_R",
                                                "transform": [0.0, 0.003946, -0.999992, -0.0, 0.952114, 0.305741, 0.001207, 0.39386, 0.305743, -0.952107, -0.003757, 0.0, 0.0, 0.0, 0.0, 1.0],
                                                "children": [
                                                    {
                                                        "name": "Hand_R",
                                                        "transform": [1.0, -0.0, 0.0, 0.0, 0.0, 0.999963, -0.008633, 0.300003, -0.0, 0.008633, 0.999963, 0.0, 0.0, 0.0, 0.0, 1.0],
                                                        "children": [
                                                            {
                                                                "name": "Tool_R",
                                                                "transform": [1.0, -0.0, 0.0, 0.0, 0.0, -0.999559, -0.029689, 0.271711, 0.0, 0.029689, -0.999559, -0.028915, 0.0, 0.0, 0.0, 1.0],
                                                                "children": []
                                                            }
                                                        ]
                                                    },
                                                    {
                                                        "name": "Elbow_R",
                                                        "transform": [-1.0, 0.0, -0.0, 0.0, 0.0, 0.003946, -0.999992, 0.300008, -0.0, -0.999992, -0.003946, -0.001252, 0.0, 0.0, 0.0, 1.0],
                                                        "children": []
                                                    }
                                                ]
                                            }
                                        ]
                                    },
                                    {
                                        "name": "Shoulder_L",
                                        "transform": [-0.0, -0.952114, -0.305743, 0.0, 0.0, -0.305743, 0.952114, 0.4, -1.0, 0.0, 0.0, 0.0, 0.0, 0.0, 0.0, 1.0],
                                        "children": [
                                            {
                                                "name": "Arm_L",
                                                "transform": [-0.0, -0.003946, 0.999992, -0.0, -0.952114, 0.305741, 0.001206, 0.39386, -0.305743, -0.952106, -0.003757, 0.0, 0.0, 0.0, 0.0, 1.0],
                                                "children": [
                                                    {
                                                        "name": "Hand_L",
                                                        "transform": [1.0, -0.0, 0.0, -0.0, 0.0, 0.999963, -0.008633, 0.300003, -0.0, 0.008633, 0.999963, -0.0, 0.0, 0.0, 0.0, 1.0],
                                                        "children": [
                                                            {
                                                                "name": "Tool_L",
                                                                "transform": [1.0, -0.0, 0.0, -0.0, 0.0, -0.999559, -0.029689, 0.271711, 0.0, 0.029689, -0.999559, -0.028915, 0.0, 0.0, 0.0, 1.0],
                                                                "children": []
                                                            }
                                                        ]
                                                    },
                                                    {
                                                        "name": "Elbow_L",
                                                        "transform": [-1.0, 0.0, -0.0, -0.0, 0.0, 0.003946, -0.999992, 0.300008, -0.0, -0.999992, -0.003946, -0.001252, 0.0, 0.0, 0.0, 1.0],
                                                        "children": []
                                                    }
                                                ]
                                            }
                                        ]
                                    }
                                ]
                            }
                        ]
                    }
                ]
            },
            {},
            {},
            {},
            {},
            {},
            {},
            {},
            {}
        ]
    },
    "animation": [
        {
            "name": "Root",
            "time": [0.0, 0.3333, 0.6667, 1.0, 1.3333, 2.0, 3.0, 4.1667, 5.0],
            "transform": [
                [0.996797, 0.011751, -0.079109, 0.032919, -0.078994, -0.009956, -0.996825, 0.000946, -0.012501, 0.999881, -0.008996, 0.773837, 0.0, 0.0, 0.0, 1.0],
                [0.63773, 0.380931, -0.669471, 0.393021, -0.641048, -0.219377, -0.73548, -0.134869, -0.427034, 0.898201, 0.104292, 0.967528, 0.0, 0.0, 0.0, 1.0],
                [0.447771, -0.087382, -0.889868, 0.753122, -0.876238, -0.241076, -0.41724, -0.465418, -0.178066, 0.966564, -0.184515, 1.413807, 0.0, 0.0, 0.0, 1.0],
                [0.149978, -0.604608, -0.782276, 0.745397, -0.853358, 0.320406, -0.411243, -0.738294, 0.499286, 0.729239, -0.467893, 1.925982, 0.0, 0.0, 0.0, 1.0],
                [-0.509263, -0.766972, -0.39039, 0.523455, -0.521136, 0.635823, -0.569338, -0.487995, 0.684886, -0.086496, -0.723498, 2.360288, 0.0, 0.0, 0.0, 1.0],
                [-0.709154, -0.543096, 0.449608, 0.21119, -0.56151, 0.04939, -0.825995, 0.000946, 0.426388, -0.838217, -0.339979, 2.612455, 0.0, 0.0, 0.0, 1.0],
                [-0.724957, -0.51061, 0.462293, 0.178483, -0.56151, 0.04939, -0.825995, 0.000946, 0.398929, -0.858393, -0.322519, 2.632766, 0.0, 0.0, 0.0, 1.0],
                [-0.725854, -0.508675, 0.463019, 0.158496, -0.56151, 0.04939, -0.825995, 0.000946, 0.397294, -0.859541, -0.321476, 2.615275, 0.0, 0.0, 0.0, 1.0],
                [-0.725854, -0.508675, 0.463019, 0.158496, -0.56151, 0.04939, -0.825995, 0.000946, 0.397294, -0.859541, -0.321476, 2.615275, 0.0, 0.0, 0.0, 1.0]
            ]
        },
        {
            "name": "Thigh_R",
            "time": [0.0, 5.0],
            "transform": [
                [0.999692, -0.001771, -0.024724, 0.124994, 0.003725, -0.97538, 0.220492, -0.002831, -0.024505, -0.220516, -0.975076, -1.2e-05, 0.0, 0.0, 0.0, 1.0],
                [0.918374, 0.134083, 0.372305, 0.124994, 0.055793, -0.975319, 0.21363, -0.002831, 0.391761, -0.17542, -0.90319, -1.2e-05, 0.0, 0.0, 0.0, 1.0]
            ]
        },
        {
            "name": "Leg_R",
            "time": [0.0, 5.0],
            "transform": [
                [1.0, -0.0, 1e-06, -0.0, -0.0, 0.932083, 0.362252, 0.374726, -1e-06, -0.362253, 0.932078, 0.0, 0.0, 0.0, 0.0, 1.0],
                [1.0, -0.0, 1e-06, -0.0, -0.0, 0.962519, 0.271223, 0.374726, -1e-06, -0.271224, 0.962514, 0.0, 0.0, 0.0, 0.0, 1.0]
            ]
        },
        {
            "name": "Knee_R",
            "time": [0.0, 5.0],
            "transform": [
                [1.0, 0.0, -0.0, 0.0, -0.0, 0.00567, -0.999984, 0.374726, -0.0, 0.999984, 0.00567, -0.0, 0.0, 0.0, 0.0, 1.0],
                [1.0, 0.0, -0.0, 0.0, -0.0, 0.00567, -0.999984, 0.374726, -0.0, 0.999984, 0.00567, -0.0, 0.0, 0.0, 0.0, 1.0]
            ]
        },
        {
            "name": "Thigh_L",
            "time": [0.0, 5.0],
            "transform": [
                [0.949104, -0.072336, -0.306542, -0.125006, -0.070641, -0.997362, 0.016635, -0.002831, -0.306937, 0.005866, -0.951712, -1.2e-05, 0.0, 0.0, 0.0, 1.0],
                [0.850845, 0.126623, -0.509931, -0.125006, 0.162603, -0.986338, 0.026389, -0.002831, -0.499623, -0.105369, -0.859811, -1.2e-05, 0.0, 0.0, 0.0, 1.0]
            ]
        },
        {
            "name": "Leg_L",
            "time": [0.0, 5.0],
            "transform": [
                [1.0, -0.0, 1e-06, -0.0, -0.0, 0.987078, 0.160239, 0.374726, -1e-06, -0.160239, 0.987078, 0.0, 0.0, 0.0, 0.0, 1.0],
                [1.0, -1e-06, 1e-06, 0.0, -0.0, 0.212206, 0.977225, 0.374727, -1e-06, -0.977225, 0.212206, -0.0, 0.0, 0.0, 0.0, 1.0]
            ]
        },
        {
            "name": "Knee_L",
            "time": [0.0, 5.0],
            "transform": [
                [1.0, 0.0, -0.0, -0.0, -0.0, 0.00567, -0.999984, 0.374726, -0.0, 0.999984, 0.00567, 0.0, 0.0, 0.0, 0.0, 1.0],
                [1.0, 0.0, -0.0, 0.0, -0.0, 0.00567, -0.999984, 0.461073, -0.0, 0.999984, 0.00567, -0.00049, 0.0, 0.0, 0.0, 1.0]
            ]
        },
        {
            "name": "Torso",
            "time": [0.0, 4.1667, 5.0],
            "transform": [
                [1.0, 0.0, 0.0, 0.0, -0.0, 1.0, -0.000689, 0.05, 0.0, 0.000689, 1.0, -0.0, 0.0, 0.0, 0.0, 1.0],
                [1.0, -0.0, 0.0, 0.0, -0.0, 1.0, -0.000689, 0.05, 0.0, 0.000689, 1.0, -0.0, 0.0, 0.0, 0.0, 1.0],
                [1.0, -0.0, 0.0, 0.0, -0.0, 1.0, -0.000689, 0.05, 0.0, 0.000689, 1.0, -0.0, 0.0, 0.0, 0.0, 1.0]
            ]
        },
        {
            "name": "Chest",
            "time": [0.0, 0.3333, 0.6667, 1.0, 1.3333, 2.0, 3.0, 4.1667, 5.0],
            "transform": [
                [0.998262, 0.0, -0.058931, -0.0, 0.0, 1.0, -0.0, 0.3, 0.058932, -0.0, 0.998262, 0.0, 0.0, 0.0, 0.0, 1.0],
                [0.924188, -0.225661, -0.308146, 0.0, 0.149156, 0.955971, -0.252729, 0.3, 0.351609, 0.187607, 0.917156, 0.0, 0.0, 0.0, 0.0, 1.0],
                [0.824696, -0.460265, -0.328684, 0.0, 0.293383, 0.844985, -0.447132, 0.3, 0.483532, 0.272317, 0.83189, 0.0, 0.0, 0.0, 0.0, 1.0],
                [0.689515, -0.614593, -0.383203, -0.0, 0.319284, 0.732835, -0.600841, 0.3, 0.650098, 0.291938, 0.70153, 0.0, 0.0, 0.0, 0.0, 1.0],
                [0.733755, -0.615226, -0.288273, 0.0, 0.311515, 0.681713, -0.661986, 0.3, 0.60379, 0.395934, 0.691862, -0.0, 0.0, 0.0, 0.0, 1.0],
                [0.819026, -0.433201, -0.376209, 0.0, 0.218382, 0.841711, -0.493793, 0.3, 0.530571, 0.322272, 0.783986, -0.0, 0.0, 0.0, 0.0, 1.0],
                [0.815344, -0.445731, -0.36951, -0.0, 0.225068, 0.832026, -0.507028, 0.3, 0.53344, 0.330237, 0.778707, 0.0, 0.0, 0.0, 0.0, 1.0],
                [0.809609, -0.464169, -0.359278, 0.0, 0.234837, 0.817113, -0.526477, 0.3, 0.537945, 0.341869, 0.770546, -0.0, 0.0, 0.0, 0.0, 1.0],
                [0.809609, -0.464169, -0.359278, 0.0, 0.234837, 0.817113, -0.526477, 0.3, 0.537945, 0.341869, 0.770546, -0.0, 0.0, 0.0, 0.0, 1.0]
            ]
        },
        {
            "name": "Head",
            "time": [0.0, 0.6667, 2.0, 5.0],
            "transform": [
                [0.998224, -0.00547, 0.059315, 0.0, 0.002728, 0.998928, 0.04621, 0.4, -0.059504, -0.045966, 0.997169, -0.0, 0.0, 0.0, 0.0, 1.0],
                [0.985295, -0.149416, -0.082878, 0.0, 0.110026, 0.925943, -0.36128, 0.4, 0.130721, 0.346849, 0.928767, -0.0, 0.0, 0.0, 0.0, 1.0],
                [0.930081, 0.340147, 0.138746, -0.0, -0.139175, 0.675801, -0.723825, 0.4, -0.339972, 0.653906, 0.675889, 0.0, 0.0, 0.0, 0.0, 1.0],
                [0.930081, 0.340147, 0.138746, -0.0, -0.139175, 0.675801, -0.723825, 0.4, -0.339972, 0.653906, 0.675889, 0.0, 0.0, 0.0, 0.0, 1.0]
            ]
        },
        {
            "name": "Shoulder_R",
            "time": [0.0, 0.6667, 1.0, 2.0, 5.0],
            "transform": [
                [0.0, 0.952114, 0.305743, 0.0, 0.0, -0.305743, 0.952114, 0.4, 1.0, -0.0, -0.0, -0.0, 0.0, 0.0, 0.0, 1.0],
                [0.316602, 0.912129, 0.260354, 0.0, 0.315599, -0.360128, 0.877898, 0.4, 0.894517, -0.195777, -0.401884, -0.0, 0.0, 0.0, 0.0, 1.0],
                [0.0, 0.952114, 0.305743, -0.0, 0.0, -0.305743, 0.952114, 0.4, 1.0, 0.0, -0.0, -0.0, 0.0, 0.0, 0.0, 1.0],
                [0.31295, 0.847111, 0.429494, -0.0, 0.173385, -0.495565, 0.851089, 0.4, 0.933809, -0.19188, -0.301963, 0.0, 0.0, 0.0, 0.0, 1.0],
                [0.31295, 0.847111, 0.429494, -0.0, 0.173385, -0.495565, 0.851089, 0.4, 0.933809, -0.19188, -0.301963, 0.0, 0.0, 0.0, 0.0, 1.0]
            ]
        },
        {
            "name": "Arm_R",
            "time": [0.0, 5.0],
            "transform": [
                [0.11864, -0.020087, -0.992734, -0.0, 0.939459, 0.325959, 0.105678, 0.393861, 0.321468, -0.945171, 0.057542, 0.0, 0.0, 0.0, 0.0, 1.0],
                [0.459651, -0.675195, -0.576918, -0.0, 0.029471, 0.660848, -0.749942, 0.39386, 0.88761, 0.327709, 0.323658, 0.0, 0.0, 0.0, 0.0, 1.0]
            ]
        },
        {
            "name": "Hand_R",
            "time": [0.0, 5.0],
            "transform": [
                [1.0, -1e-06, 0.0, -0.0, 1e-06, 0.945829, -0.324664, 0.300003, 0.0, 0.324664, 0.94583, -0.0, 0.0, 0.0, 0.0, 1.0],
                [1.0, -1e-06, 0.0, 0.0, 1e-06, 0.8448, -0.535082, 0.300003, 0.0, 0.535082, 0.8448, -0.0, 0.0, 0.0, 0.0, 1.0]
            ]
        },
        {
            "name": "Tool_R",
            "time": [0.0, 5.0],
            "transform": [
                [1.0, -0.0, 0.0, 0.0, -0.0, -0.999559, -0.029689, 0.271711, 0.0, 0.029689, -0.99956, -0.028915, 0.0, 0.0, 0.0, 1.0],
                [1.0, 0.0, 0.0, 0.0, 0.0, -0.999559, -0.029689, 0.271711, 0.0, 0.029689, -0.99956, -0.028915, 0.0, 0.0, 0.0, 1.0]
            ]
        },
        {
            "name": "Elbow_R",
            "time": [0.0, 5.0],
            "transform": [
                [-1.0, 0.0, -0.0, -0.0, 0.0, 0.003946, -0.999992, 0.330184, -0.0, -0.999992, -0.003946, -0.001133, 0.0, 0.0, 0.0, 1.0],
                [-1.0, 0.0, -0.0, 0.0, 0.0, 0.003946, -0.999992, 0.352107, -0.0, -0.999993, -0.003946, -0.001047, 0.0, 0.0, 0.0, 1.0]
            ]
        },
        {
            "name": "Shoulder_L",
            "time": [0.0, 0.3333, 1.0, 2.0, 5.0],
            "transform": [
                [-0.0, -0.952114, -0.305743, 0.0, 0.0, -0.305743, 0.952114, 0.4, -1.0, -0.0, 0.0, -0.0, 0.0, 0.0, 0.0, 1.0],
                [-0.085663, -0.92505, -0.37006, -0.0, 0.024858, -0.373294, 0.92738, 0.4, -0.996014, 0.070243, 0.054972, 0.0, 0.0, 0.0, 0.0, 1.0],
                [-0.0, -0.952114, -0.305743, -0.0, 0.0, -0.305743, 0.952114, 0.4, -1.0, 0.0, 0.0, -0.0, 0.0, 0.0, 0.0, 1.0],
                [0.10118, -0.983092, 0.152618, -0.0, 0.2591, 0.174151, 0.95002, 0.4, -0.960536, -0.05658, 0.27234, 0.0, 0.0, 0.0, 0.0, 1.0],
                [0.10118, -0.983092, 0.152618, -0.0, 0.2591, 0.174151, 0.95002, 0.4, -0.960536, -0.05658, 0.27234, 0.0, 0.0, 0.0, 0.0, 1.0]
            ]
        },
        {
            "name": "Arm_L",
            "time": [0.0, 5.0],
            "transform": [
                [0.237011, -0.19432, 0.951875, 0.0, -0.852292, 0.428673, 0.299727, 0.39386, -0.466286, -0.882314, -0.064017, 0.0, 0.0, 0.0, 0.0, 1.0],
                [0.90939, 0.406741, 0.087006, 0.0, -0.016625, 0.244555, -0.969492, 0.39386, -0.41561, 0.880201, 0.229158, -0.0, 0.0, 0.0, 0.0, 1.0]
            ]
        },
        {
            "name": "Hand_L",
            "time": [0.0, 5.0],
            "transform": [
                [1.0, -0.0, 0.0, -0.0, 0.0, 0.929332, -0.369245, 0.300003, -0.0, 0.369245, 0.929332, 0.0, 0.0, 0.0, 0.0, 1.0],
                [1.0, -1e-06, 0.0, -0.0, 1e-06, 0.913512, -0.406811, 0.300002, 0.0, 0.406811, 0.913513, -0.0, 0.0, 0.0, 0.0, 1.0]
            ]
        },
        {
            "name": "Tool_L",
            "time": [0.0, 5.0],
            "transform": [
                [1.0, -0.0, 0.0, 0.0, -0.0, -0.999559, -0.029689, 0.271711, 0.0, 0.029689, -0.999559, -0.028915, 0.0, 0.0, 0.0, 1.0],
                [1.0, 0.0, 0.0, -0.0, -0.0, -0.999559, -0.029689, 0.271711, 0.0, 0.029689, -0.99956, -0.028915, 0.0, 0.0, 0.0, 1.0]
            ]
        },
        {
            "name": "Elbow_L",
            "time": [0.0, 5.0],
            "transform": [
                [-1.0, 0.0, -0.0, 0.0, 0.0, 0.003946, -0.999992, 0.334639, -0.0, -0.999993, -0.003946, -0.001116, 0.0, 0.0, 0.0, 1.0],
                [-1.0, 0.0, -0.0, 0.0, 0.0, 0.003946, -0.999992, 0.338459, -0.0, -0.999993, -0.003946, -0.001101, 0.0, 0.0, 0.0, 1.0]
            ]
        }
    ]
}