{
    "armature": {
        "joints": ["Root", "Thigh_R", "Leg_R", "Knee_R", "Thigh_L", "Leg_L", "Knee_L", "Torso", "Chest", "Head", "Shoulder_R", "Arm_R", "Hand_R", "Tool_R", "Elbow_R", "Shoulder_L", "Arm_L", "Hand_L", "Tool_L", "Elbow_L", "IK-Thigh_R", "IK-Leg_R", "IK-Thigh_L"],
        "hierarchy": [
            {
                "name": "Root",
                "transform": [1.0, 0.0, 0.0, -5e-06, 0.0, 0.0, -1.0, 0.000946, 0.0, 1.0, 0.0, 0.763972, 0.0, 0.0, 0.0, 1.0],
                "children": [
                    {
                        "name": "Thigh_R",
                        "transform": [1.0, -0.0, -0.0, 0.124994, -0.0, -0.999984, 0.00567, -0.002831, -0.0, -0.00567, -0.999984, -1.2e-05, 0.0, 0.0, 0.0, 1.0],
                        "children": [
                            {
                                "name": "Leg_R",
                                "transform": [1.0, 0.0, 1e-06, -0.0, -0.0, 0.999936, 0.011335, 0.374726, -1e-06, -0.011335, 0.999936, 0.0, 0.0, 0.0, 0.0, 1.0],
                                "children": []
                            },
                            {
                                "name": "Knee_R",
                                "transform": [1.0, 0.0, -0.0, -0.0, -0.0, 0.00567, -0.999984, 0.374726, -0.0, 0.999984, 0.00567, 0.0, 0.0, 0.0, 0.0, 1.0],
                                "children": []
                            }
                        ]
                    },
                    {
                        "name": "Thigh_L",
                        "transform": [1.0, -0.0, -0.0, -0.125006, -0.0, -0.999984, 0.00567, -0.002831, -0.0, -0.00567, -0.999984, -1.2e-05, 0.0, 0.0, 0.0, 1.0],
                        "children": [
                            {
                                "name": "Leg_L",
                                "transform": [1.0, 0.0, 1e-06, -0.0, -0.0, 0.999936, 0.011335, 0.374726, -1e-06, -0.011335, 0.999936, -0.0, 0.0, 0.0, 0.0, 1.0],
                                "children": []
                            },
                            {
                                "name": "Knee_L",
                                "transform": [1.0, 0.0, -0.0, -0.0, -0.0, 0.00567, -0.999984, 0.374726, -0.0, 0.999984, 0.00567, -0.0, 0.0, 0.0, 0.0, 1.0],
                                "children": []
                            }
                        ]
                    },
                    {
                        "name": "Torso",
                        "transform": [1.0, 0.0, 0.0, 0.0, 0.0, 1.0, 0.0, 0.05, 0.0, 0.0, 1.0, 0.0, 0.0, 0.0, 0.0, 1.0],
                        "children": [
                            {
                                "name": "Chest",
                                "transform": [1.0, 0.0, 0.0, 0.0, 0.0, 1.0, 0.0, 0.3, 0.0, 0.0, 1.0, 0.0, 0.0, 0.0, 0.0, 1.0],
                                "children": [
                                    {
                                        "name": "Head",
                                        "transform": [1.0, 0.0, 0.0, 0.0, 0.0, 1.0, 0.0, 0.4, 0.0, 0.0, 1.0, 0.0, 0.0, 0.0, 0.0, 1.0],
                                        "children": []
                                    },
                                    {
                                        "name": "Shoulder_R",
                                        "transform": [0.0, 0.952114, 0.305743, 0.0, 0.0, -0.305743, 0.952114, 0.4, 1.0, 0.0, -0.0, 0.0, 0.0, 0.0, 0.0, 1.0],
                                        "children": [
                                            {
                                                "name": "Arm_R",
                                                "transform": [0.0, 0.003946, -0.999992, -0.0, 0.952114, 0.305741, 0.001207, 0.39386, 0.305743, -0.952107, -0.003757, 0.0, 0.0, 0.0, 0.0, 1.0],
                                                "children": [
                                                    {
                                                        "name": "Hand_R",
                                                        "transform": [1.0, -0.0, 0.0, 0.0, 0.0, 0.999963, -0.008633, 0.300003, -0.0, 0.008633, 0.999963, 0.0, 0.0, 0.0, 0.0, 1.0],
                                                        "children": [
                                                            {
                                                                "name": "Tool_R",
                                                                "transform": [1.0, -0.0, 0.0, 0.0, 0.0, -0.999559, -0.029689, 0.271711, 0.0, 0.029689, -0.999559, -0.028915, 0.0, 0.0, 0.0, 1.0],
                                                                "children": []
                                                            }
                                                        ]
                                                    },
                                                    {
                                                        "name": "Elbow_R",
                                                        "transform": [-1.0, 0.0, -0.0, 0.0, 0.0, 0.003946, -0.999992, 0.300008, -0.0, -0.999992, -0.003946, -0.001252, 0.0, 0.0, 0.0, 1.0],
                                                        "children": []
                                                    }
                                                ]
                                            }
                                        ]
                                    },
                                    {
                                        "name": "Shoulder_L",
                                        "transform": [-0.0, -0.952114, -0.305743, 0.0, 0.0, -0.305743, 0.952114, 0.4, -1.0, 0.0, 0.0, 0.0, 0.0, 0.0, 0.0, 1.0],
                                        "children": [
                                            {
                                                "name": "Arm_L",
                                                "transform": [-0.0, -0.003946, 0.999992, -0.0, -0.952114, 0.305741, 0.001206, 0.39386, -0.305743, -0.952106, -0.003757, 0.0, 0.0, 0.0, 0.0, 1.0],
                                                "children": [
                                                    {
                                                        "name": "Hand_L",
                                                        "transform": [1.0, -0.0, 0.0, -0.0, 0.0, 0.999963, -0.008633, 0.300003, -0.0, 0.008633, 0.999963, -0.0, 0.0, 0.0, 0.0, 1.0],
                                                        "children": [
                                                            {
                                                                "name": "Tool_L",
                                                                "transform": [1.0, -0.0, 0.0, -0.0, 0.0, -0.999559, -0.029689, 0.271711, 0.0, 0.029689, -0.999559, -0.028915, 0.0, 0.0, 0.0, 1.0],
                                                                "children": []
                                                            }
                                                        ]
                                                    },
                                                    {
                                                        "name": "Elbow_L",
                                                        "transform": [-1.0, 0.0, -0.0, -0.0, 0.0, 0.003946, -0.999992, 0.300008, -0.0, -0.999992, -0.003946, -0.001252, 0.0, 0.0, 0.0, 1.0],
                                                        "children": []
                                                    }
                                                ]
                                            }
                                        ]
                                    }
                                ]
                            }
                        ]
                    },
                    {
                        "name": "IK-Thigh_R",
                        "transform": [1.0, -0.0, -0.0, 0.124994, -0.0, -0.999984, 0.00567, -0.002831, -0.0, -0.00567, -0.999984, -1.2e-05, 0.0, 0.0, 0.0, 1.0],
                        "children": [
                            {
                                "name": "IK-Leg_R",
                                "transform": [1.0, 0.0, 1e-06, -0.0, -0.0, 0.999936, 0.011335, 0.374726, -1e-06, -0.011335, 0.999936, 0.0, 0.0, 0.0, 0.0, 1.0],
                                "children": []
                            }
                        ]
                    },
                    {
                        "name": "IK-Thigh_L",
                        "transform": [1.0, -0.0, -0.0, -0.125006, -0.0, -0.999984, 0.00567, -0.002831, -0.0, -0.00567, -0.999984, -1.2e-05, 0.0, 0.0, 0.0, 1.0],
                        "children": []
                    }
                ]
            },
            {},
            {},
            {},
            {},
            {},
            {},
            {},
            {}
        ]
    },
    "animation": [
        {
            "name": "Root",
            "time": [0.0, 1.6667, 2.5, 3.0, 3.4833, 3.7333, 4.0833, 5.0],
            "transform": [
                [1.0, 0.0, 0.0, -5e-06, 0.0, -1.0, 0.0, 0.196765, 0.0, -0.0, -1.0, 1.21934, 0.0, 0.0, 0.0, 1.0],
                [1.0, 0.0, 0.0, -5e-06, 0.0, -0.990011, -0.14099, 0.31217, 0.0, 0.14099, -0.990011, 1.563978, 0.0, 0.0, 0.0, 1.0],
                [1.0, 0.0, 0.0, -5e-06, 0.0, -0.95744, -0.288633, 0.383741, 0.0, 0.288633, -0.95744, 1.858412, 0.0, 0.0, 0.0, 1.0],
                [1.0, 0.0, 0.0, -5e-06, 0.0, -0.62869, -0.777656, 0.410003, 0.0, 0.777656, -0.62869, 2.029769, 0.0, 0.0, 0.0, 1.0],
                [1.0, 0.0, 0.0, -5e-06, 0.0, 0.032195, -0.999482, 0.292727, 0.0, 0.999482, 0.032195, 2.123271, 0.0, 0.0, 0.0, 1.0],
                [1.0, 0.0, 0.0, -5e-06, 0.0, 0.150452, -0.988617, 0.258508, 0.0, 0.988617, 0.150452, 2.102913, 0.0, 0.0, 0.0, 1.0],
                [1.0, 0.0, 0.0, -5e-06, 0.0, 0.196908, -0.980422, 0.243654, 0.0, 0.980422, 0.196908, 2.127833, 0.0, 0.0, 0.0, 1.0],
                [1.0, 0.0, 0.0, -5e-06, 0.0, 0.196908, -0.980422, 0.243654, 0.0, 0.980422, 0.196908, 2.127833, 0.0, 0.0, 0.0, 1.0]
            ]
        },
        {
            "name": "Thigh_R",
            "time": [0.0, 1.6667, 2.5, 3.0, 3.4833, 3.7333, 4.0833, 5.0],
            "transform": [
                [0.863177, 0.360143, 0.353868, 0.124994, 0.474522, -0.818096, -0.324883, -0.002831, 0.172493, 0.448351, -0.877057, -1.2e-05, 0.0, 0.0, 0.0, 1.0],
                [0.858558, 0.344603, 0.379641, 0.124994, 0.491014, -0.765769, -0.415337, -0.002831, 0.14759, 0.543, -0.826661, -1.2e-05, 0.0, 0.0, 0.0, 1.0],
                [0.865112, 0.343126, 0.36585, 0.124994, 0.467567, -0.815703, -0.340604, -0.002831, 0.181554, 0.465721, -0.866108, -1.2e-05, 0.0, 0.0, 0.0, 1.0],
                [0.875466, 0.384142, 0.29325, 0.124994, 0.38392, -0.921365, 0.060785, -0.002831, 0.293539, 0.059369, -0.954102, -1.2e-05, 0.0, 0.0, 0.0, 1.0],
                [0.940688, 0.323009, -0.103789, 0.124994, 0.239856, -0.416797, 0.876784, -0.002831, 0.23995, -0.849675, -0.469551, -1.2e-05, 0.0, 0.0, 0.0, 1.0],
                [0.929922, 0.360571, 0.072352, 0.124994, 0.044632, -0.305936, 0.951006, -0.00283, 0.36504, -0.881132, -0.300589, -1.2e-05, 0.0, 0.0, 0.0, 1.0],
                [0.877411, 0.426126, 0.220377, 0.124994, -0.092049, -0.301297, 0.949077, -0.002831, 0.470825, -0.853017, -0.225136, -1.2e-05, 0.0, 0.0, 0.0, 1.0],
                [0.877411, 0.426126, 0.220377, 0.124994, -0.092049, -0.301297, 0.949077, -0.002831, 0.470825, -0.853017, -0.225136, -1.2e-05, 0.0, 0.0, 0.0, 1.0]
            ]
        },
        {
            "name": "Leg_R",
            "time": [0.0, 1.6667, 2.5, 3.0, 3.4833, 3.7333, 4.0833, 5.0],
            "transform": [
                [1.0, 0.0, 1e-06, 0.0, -0.0, 0.999999, 0.001473, 0.374726, -1e-06, -0.001473, 0.999999, -0.0, 0.0, 0.0, 0.0, 1.0],
                [1.0, 0.0, 1e-06, 0.0, -0.0, 0.999999, 0.001475, 0.374726, -1e-06, -0.001475, 0.999999, -0.0, 0.0, 0.0, 0.0, 1.0],
                [1.0, 0.0, 1e-06, 0.0, -0.0, 0.999999, 0.001476, 0.374726, -1e-06, -0.001476, 0.999999, -0.0, 0.0, 0.0, 0.0, 1.0],
                [1.0, 0.0, 1e-06, 0.0, -0.0, 0.999999, 0.001469, 0.374726, -1e-06, -0.001469, 0.999999, 0.0, 0.0, 0.0, 0.0, 1.0],
                [1.0, 2e-05, 1.7e-05, -0.0, -2.1e-05, 0.205503, 0.978655, 0.374726, 1.6e-05, -0.978657, 0.205503, 0.0, 0.0, 0.0, 0.0, 1.0],
                [1.0, 2.1e-05, 2.3e-05, 0.0, -2.2e-05, -0.043479, 0.999053, 0.374726, 2.2e-05, -0.999055, -0.043479, 0.0, 0.0, 0.0, 0.0, 1.0],
                [1.0, 2.1e-05, 2.4e-05, -0.0, -2.2e-05, -0.123532, 0.99234, 0.374726, 2.4e-05, -0.992342, -0.123532, -0.0, 0.0, 0.0, 0.0, 1.0],
                [1.0, 2.1e-05, 2.4e-05, -0.0, -2.2e-05, -0.123532, 0.99234, 0.374726, 2.4e-05, -0.992342, -0.123532, -0.0, 0.0, 0.0, 0.0, 1.0]
            ]
        },
        {
            "name": "Knee_R",
            "time": [0.0, 5.0],
            "transform": [
                [1.0, 0.0, -0.0, -0.0, -0.0, 0.00567, -0.999984, 0.374726, -0.0, 0.999984, 0.00567, -0.0, 0.0, 0.0, 0.0, 1.0],
                [1.0, 0.0, -0.0, -0.0, -0.0, 0.00567, -0.999984, 0.484724, -0.0, 0.999984, 0.00567, -0.000624, 0.0, 0.0, 0.0, 1.0]
            ]
        },
        {
            "name": "Thigh_L",
            "time": [0.0, 1.6667, 2.5, 3.0, 3.4833, 3.7333, 4.0833, 5.0],
            "transform": [
                [0.863177, -0.360144, -0.353867, -0.125006, -0.474523, -0.818096, -0.324884, -0.002831, -0.172492, 0.448351, -0.877057, -1.2e-05, 0.0, 0.0, 0.0, 1.0],
                [0.860847, -0.405363, -0.30761, -0.125006, -0.48266, -0.841925, -0.241253, -0.002831, -0.161189, 0.356153, -0.92042, -1.2e-05, 0.0, 0.0, 0.0, 1.0],
                [0.864193, -0.405671, -0.297659, -0.125006, -0.474258, -0.854342, -0.212557, -0.002831, -0.168074, 0.324858, -0.930708, -1.2e-05, 0.0, 0.0, 0.0, 1.0],
                [0.875466, -0.384144, -0.293246, -0.125006, -0.383922, -0.921364, 0.060784, -0.002831, -0.293536, 0.059369, -0.954103, -1.2e-05, 0.0, 0.0, 0.0, 1.0],
                [0.869093, -0.155487, -0.469576, -0.125006, -0.096032, -0.984287, 0.148183, -0.002831, -0.485238, -0.08369, -0.870368, -1.2e-05, 0.0, 0.0, 0.0, 1.0],
                [0.935814, -0.088981, -0.341079, -0.125006, -0.019333, -0.979116, 0.202389, -0.00283, -0.351964, -0.182805, -0.917989, -1.2e-05, 0.0, 0.0, 0.0, 1.0],
                [0.990917, -0.061422, -0.11963, -0.125006, -0.030895, -0.969782, 0.242012, -0.002831, -0.13088, -0.236118, -0.96287, -1.2e-05, 0.0, 0.0, 0.0, 1.0],
                [0.990917, -0.061422, -0.11963, -0.125006, -0.030895, -0.969782, 0.242012, -0.002831, -0.13088, -0.236118, -0.96287, -1.2e-05, 0.0, 0.0, 0.0, 1.0]
            ]
        },
        {
            "name": "Leg_L",
            "time": [0.0, 1.6667, 2.5, 3.0, 3.4833, 3.7333, 4.0833, 5.0],
            "transform": [
                [1.0, -0.0, 1e-06, 0.0, -0.0, 0.999999, 0.001473, 0.374726, -1e-06, -0.001473, 0.999999, -0.0, 0.0, 0.0, 0.0, 1.0],
                [1.0, 0.0, 1e-06, 0.0, -0.0, 0.999999, 0.001465, 0.374726, -1e-06, -0.001465, 0.999999, -0.0, 0.0, 0.0, 0.0, 1.0],
                [1.0, 0.0, 1e-06, -0.0, -0.0, 0.999999, 0.001465, 0.374726, -1e-06, -0.001465, 0.999999, 0.0, 0.0, 0.0, 0.0, 1.0],
                [1.0, 0.0, 1e-06, 0.0, -0.0, 0.999999, 0.001469, 0.374726, -1e-06, -0.001469, 0.999999, -0.0, 0.0, 0.0, 0.0, 1.0],
                [1.0, 0.0, 1e-06, -0.0, -0.0, 0.999999, 0.001471, 0.374726, -1e-06, -0.001471, 0.999999, -0.0, 0.0, 0.0, 0.0, 1.0],
                [1.0, 0.0, 1e-06, -0.0, -0.0, 0.999999, 0.001473, 0.374726, -1e-06, -0.001473, 0.999999, -0.0, 0.0, 0.0, 0.0, 1.0],
                [1.0, 0.0, 1e-06, -0.0, -0.0, 0.999999, 0.001474, 0.374726, -1e-06, -0.001474, 0.999999, -0.0, 0.0, 0.0, 0.0, 1.0],
                [1.0, 0.0, 1e-06, -0.0, -0.0, 0.999999, 0.001474, 0.374726, -1e-06, -0.001474, 0.999999, -0.0, 0.0, 0.0, 0.0, 1.0]
            ]
        },
        {
            "name": "Knee_L",
            "time": [0.0, 5.0],
            "transform": [
                [1.0, 0.0, -0.0, -0.0, -0.0, 0.00567, -0.999984, 0.374726, -0.0, 0.999984, 0.00567, -0.0, 0.0, 0.0, 0.0, 1.0],
                [1.0, 0.0, -0.0, -0.0, -0.0, 0.00567, -0.999984, 0.374726, -0.0, 0.999984, 0.00567, -0.0, 0.0, 0.0, 0.0, 1.0]
            ]
        },
        {
            "name": "Torso",
            "time": [0.0, 1.6667, 2.5, 3.0, 3.4833, 3.7333, 4.0833, 5.0],
            "transform": [
                [1.0, 0.0, 0.0, 0.0, 0.0, 1.0, 0.0, 0.05, 0.0, 0.0, 1.0, 0.0, 0.0, 0.0, 0.0, 1.0],
                [1.0, 0.0, 0.0, 0.0, 0.0, 1.0, 0.0, 0.05, 0.0, 0.0, 1.0, -0.0, 0.0, 0.0, 0.0, 1.0],
                [1.0, 0.0, 0.0, 0.0, 0.0, 1.0, 0.0, 0.05, 0.0, 0.0, 1.0, 0.0, 0.0, 0.0, 0.0, 1.0],
                [1.0, 0.0, 0.0, 0.0, 0.0, 1.0, 0.0, 0.05, 0.0, -0.0, 1.0, 0.0, 0.0, 0.0, 0.0, 1.0],
                [1.0, 0.0, 0.0, -0.0, 0.0, 1.0, 0.0, 0.05, 0.0, 0.0, 1.0, -0.0, 0.0, 0.0, 0.0, 1.0],
                [0.999361, -0.007859, 0.034872, 0.0, 0.00937, 0.999014, -0.043396, 0.05, -0.034497, 0.043695, 0.998449, 0.0, 0.0, 0.0, 0.0, 1.0],
                [0.997248, -0.014598, 0.072685, 0.0, 0.021107, 0.995755, -0.089597, 0.05, -0.071069, 0.090884, 0.993322, 0.0, 0.0, 0.0, 0.0, 1.0],
                [0.997248, -0.014598, 0.072685, 0.0, 0.021107, 0.995755, -0.089597, 0.05, -0.071069, 0.090884, 0.993322, 0.0, 0.0, 0.0, 0.0, 1.0]
            ]
        },
        {
            "name": "Chest",
            "time": [0.0, 1.6667, 2.5, 3.0, 3.4833, 3.7333, 4.0833, 5.0],
            "transform": [
                [1.0, 0.0, 0.0, -0.0, 0.0, 1.0, 0.0, 0.3, 0.0, 0.0, 1.0, -0.0, 0.0, 0.0, 0.0, 1.0],
                [1.0, 0.0, 0.0, 0.0, 0.0, 1.0, 0.0, 0.3, 0.0, 0.0, 1.0, -0.0, 0.0, 0.0, 0.0, 1.0],
                [1.0, 0.0, 0.0, 0.0, 0.0, 1.0, 0.0, 0.3, 0.0, 0.0, 1.0, -0.0, 0.0, 0.0, 0.0, 1.0],
                [1.0, 0.0, 0.0, 0.0, 0.0, 1.0, 0.0, 0.3, 0.0, 0.0, 1.0, -0.0, 0.0, 0.0, 0.0, 1.0],
                [1.0, 0.0, 0.0, -0.0, 0.0, 1.0, 0.0, 0.3, 0.0, 0.0, 1.0, -0.0, 0.0, 0.0, 0.0, 1.0],
                [0.989642, -0.033029, 0.139709, 0.0, 0.037418, 0.998882, -0.028904, 0.3, -0.138598, 0.033833, 0.989771, 0.0, 0.0, 0.0, 0.0, 1.0],
                [0.955621, -0.062851, 0.287816, -0.0, 0.081654, 0.995208, -0.053787, 0.3, -0.283056, 0.074901, 0.956174, 0.0, 0.0, 0.0, 0.0, 1.0],
                [0.955621, -0.062851, 0.287816, -0.0, 0.081654, 0.995208, -0.053787, 0.3, -0.283056, 0.074901, 0.956174, 0.0, 0.0, 0.0, 0.0, 1.0]
            ]
        },
        {
            "name": "Head",
            "time": [0.0, 1.6667, 2.5, 3.0, 3.4833, 3.7333, 4.0833, 5.0],
            "transform": [
                [1.0, 0.0, 0.0, 0.0, 0.0, 1.0, 0.0, 0.4, 0.0, 0.0, 1.0, -0.0, 0.0, 0.0, 0.0, 1.0],
                [1.0, 0.0, 0.0, 0.0, 0.0, 1.0, 0.0, 0.4, 0.0, 0.0, 1.0, 0.0, 0.0, 0.0, 0.0, 1.0],
                [1.0, 0.0, 0.0, 0.0, 0.0, 1.0, 0.0, 0.4, 0.0, 0.0, 1.0, -0.0, 0.0, 0.0, 0.0, 1.0],
                [1.0, 0.0, 0.0, 0.0, 0.0, 1.0, 0.0, 0.4, 0.0, 0.0, 1.0, 0.0, 0.0, 0.0, 0.0, 1.0],
                [1.0, 0.0, 0.0, -0.0, 0.0, 1.0, 0.0, 0.4, 0.0, 0.0, 1.0, 0.0, 0.0, 0.0, 0.0, 1.0],
                [0.977536, 0.064614, -0.200619, -0.0, -0.046511, 0.994515, 0.093679, 0.4, 0.205572, -0.082244, 0.97518, -0.0, 0.0, 0.0, 0.0, 1.0],
                [0.904566, 0.150463, -0.3989, 0.0, -0.073553, 0.9767, 0.201612, 0.4, 0.419941, -0.153031, 0.894557, 0.0, 0.0, 0.0, 0.0, 1.0],
                [0.904566, 0.150463, -0.3989, 0.0, -0.073553, 0.9767, 0.201612, 0.4, 0.419941, -0.153031, 0.894557, 0.0, 0.0, 0.0, 0.0, 1.0]
            ]
        },
        {
            "name": "Shoulder_R",
            "time": [0.0, 1.6667, 2.5, 3.0, 3.4833, 3.7333, 4.0833, 5.0],
            "transform": [
                [0.0, 0.952114, 0.305743, 0.0, 0.0, -0.305743, 0.952114, 0.4, 1.0, -0.0, -0.0, -0.0, 0.0, 0.0, 0.0, 1.0],
                [0.0, 0.952114, 0.305743, 0.0, 0.0, -0.305743, 0.952114, 0.4, 1.0, 0.0, -0.0, 0.0, 0.0, 0.0, 0.0, 1.0],
                [0.0, 0.952114, 0.305743, 0.0, -0.0, -0.305743, 0.952114, 0.4, 1.0, -0.0, 0.0, -0.0, 0.0, 0.0, 0.0, 1.0],
                [0.0, 0.952114, 0.305743, 0.0, 0.0, -0.305743, 0.952114, 0.4, 1.0, 0.0, -0.0, 0.0, 0.0, 0.0, 0.0, 1.0],
                [0.0, 0.952114, 0.305743, -0.0, 0.0, -0.305743, 0.952114, 0.4, 1.0, 0.0, -0.0, 0.0, 0.0, 0.0, 0.0, 1.0],
                [0.0, 0.952114, 0.305743, -0.0, 0.0, -0.305743, 0.952114, 0.4, 1.0, -0.0, -0.0, -0.0, 0.0, 0.0, 0.0, 1.0],
                [0.0, 0.952114, 0.305743, 0.0, 0.0, -0.305743, 0.952114, 0.4, 1.0, -0.0, -0.0, 0.0, 0.0, 0.0, 0.0, 1.0],
                [0.0, 0.952114, 0.305743, 0.0, 0.0, -0.305743, 0.952114, 0.4, 1.0, -0.0, -0.0, 0.0, 0.0, 0.0, 0.0, 1.0]
            ]
        },
        {
            "name": "Arm_R",
            "time": [0.0, 1.6667, 2.5, 3.0, 3.4833, 3.7333, 4.0833, 5.0],
            "transform": [
                [0.595366, 0.507375, -0.622985, -0.0, -0.472425, 0.848248, 0.239354, 0.393861, 0.649887, 0.151811, 0.744715, 0.0, 0.0, 0.0, 0.0, 1.0],
                [0.584216, -0.017422, -0.811411, -0.0, -0.148346, 0.980635, -0.127864, 0.393861, 0.797925, 0.19507, 0.570318, 0.0, 0.0, 0.0, 0.0, 1.0],
                [0.558848, -0.272935, -0.783068, -0.0, -0.01884, 0.939864, -0.34103, 0.393861, 0.829056, 0.205337, 0.520099, 0.0, 0.0, 0.0, 0.0, 1.0],
                [0.583039, -0.250665, -0.772808, -0.0, 0.074748, 0.96373, -0.256199, 0.39386, 0.808998, 0.091608, 0.580629, -0.0, 0.0, 0.0, 0.0, 1.0],
                [0.556934, -0.825939, -0.087468, -0.0, 0.821987, 0.533032, 0.200539, 0.393861, -0.119009, -0.183584, 0.975773, 0.0, 0.0, 0.0, 0.0, 1.0],
                [0.345581, -0.858239, -0.379474, -0.0, 0.914662, 0.398433, -0.068147, 0.393861, 0.209682, -0.32354, 0.922689, -0.0, 0.0, 0.0, 0.0, 1.0],
                [0.387557, -0.776806, -0.49636, -0.0, 0.855933, 0.503171, -0.119154, 0.39386, 0.342314, -0.378672, 0.8599, -0.0, 0.0, 0.0, 0.0, 1.0],
                [0.387557, -0.776806, -0.49636, -0.0, 0.855933, 0.503171, -0.119154, 0.39386, 0.342314, -0.378672, 0.8599, -0.0, 0.0, 0.0, 0.0, 1.0]
            ]
        },
        {
            "name": "Hand_R",
            "time": [0.0, 1.6667, 2.5, 3.0, 3.4833, 3.7333, 4.0833, 5.0],
            "transform": [
                [1.0, 0.0, 0.0, -0.0, -0.0, 1.0, -0.001014, 0.300003, -0.0, 0.001014, 0.999999, -0.0, 0.0, 0.0, 0.0, 1.0],
                [1.0, -0.0, 0.0, 0.0, 0.0, 1.0, -0.001012, 0.300003, -0.0, 0.001012, 1.0, 0.0, 0.0, 0.0, 0.0, 1.0],
                [1.0, -0.0, 0.0, 0.0, 0.0, 1.0, -0.001013, 0.300003, -0.0, 0.001013, 0.999999, -0.0, 0.0, 0.0, 0.0, 1.0],
                [1.0, 0.0, 0.0, -0.0, -0.0, 1.0, -0.001013, 0.300002, -0.0, 0.001013, 1.0, -0.0, 0.0, 0.0, 0.0, 1.0],
                [1.0, -0.0, 0.0, -0.0, -0.0, 1.0, -0.000996, 0.300003, -0.0, 0.000996, 1.0, -0.0, 0.0, 0.0, 0.0, 1.0],
                [1.0, -1e-06, 0.0, 0.0, 2e-06, 0.916234, -0.400643, 0.300002, 0.0, 0.400643, 0.916234, 0.0, 0.0, 0.0, 0.0, 1.0],
                [1.0, -3e-06, 1e-06, 0.0, 3e-06, 0.766843, -0.641835, 0.300003, 1e-06, 0.641835, 0.766843, 0.0, 0.0, 0.0, 0.0, 1.0],
                [1.0, -3e-06, 1e-06, 0.0, 3e-06, 0.766843, -0.641835, 0.300003, 1e-06, 0.641835, 0.766843, 0.0, 0.0, 0.0, 0.0, 1.0]
            ]
        },
        {
            "name": "Tool_R",
            "time": [0.0, 1.6667, 2.5, 3.0, 3.4833, 3.7333, 4.0833, 5.0],
            "transform": [
                [1.0, -0.0, 0.0, 0.0, 0.0, -0.99956, -0.029689, 0.271711, 0.0, 0.029689, -0.99956, -0.028915, 0.0, 0.0, 0.0, 1.0],
                [1.0, -0.0, 0.0, -0.0, -0.0, -0.99956, -0.029689, 0.271711, 0.0, 0.029689, -0.99956, -0.028915, 0.0, 0.0, 0.0, 1.0],
                [1.0, -0.0, 0.0, 0.0, -0.0, -0.99956, -0.029689, 0.271711, 0.0, 0.029689, -0.99956, -0.028915, 0.0, 0.0, 0.0, 1.0],
                [1.0, 0.0, 0.0, 0.0, -0.0, -0.99956, -0.029689, 0.271711, 0.0, 0.029689, -0.99956, -0.028915, 0.0, 0.0, 0.0, 1.0],
                [1.0, 0.0, 0.0, 0.0, 0.0, -0.99956, -0.029689, 0.271711, 0.0, 0.029689, -0.99956, -0.028915, 0.0, 0.0, 0.0, 1.0],
                [1.0, 0.0, 0.0, -0.0, -0.0, -0.99956, -0.029689, 0.271711, 0.0, 0.029689, -0.99956, -0.028915, 0.0, 0.0, 0.0, 1.0],
                [1.0, -0.0, 0.0, 0.0, 0.0, -0.99956, -0.029689, 0.271711, 0.0, 0.029689, -0.99956, -0.028915, 0.0, 0.0, 0.0, 1.0],
                [1.0, -0.0, 0.0, 0.0, 0.0, -0.99956, -0.029689, 0.271711, 0.0, 0.029689, -0.99956, -0.028915, 0.0, 0.0, 0.0, 1.0]
            ]
        },
        {
            "name": "Elbow_R",
            "time": [0.0, 5.0],
            "transform": [
                [-1.0, 0.0, 0.0, -0.0, 0.0, 0.003946, -0.999992, 0.300008, -0.0, -0.999992, -0.003946, -0.001252, 0.0, 0.0, 0.0, 1.0],
                [-1.0, 0.0, -0.0, 0.0, 0.0, 0.003946, -0.999992, 0.364504, -0.0, -0.999992, -0.003946, -0.000998, 0.0, 0.0, 0.0, 1.0]
            ]
        },
        {
            "name": "Shoulder_L",
            "time": [0.0, 1.6667, 2.5, 3.0, 3.4833, 3.7333, 4.0833, 5.0],
            "transform": [
                [-0.0, -0.952114, -0.305743, 0.0, 0.0, -0.305743, 0.952114, 0.4, -1.0, 0.0, 0.0, -0.0, 0.0, 0.0, 0.0, 1.0],
                [-0.0, -0.952114, -0.305743, 0.0, 0.0, -0.305743, 0.952114, 0.4, -1.0, 0.0, 0.0, 0.0, 0.0, 0.0, 0.0, 1.0],
                [-0.0, -0.952114, -0.305743, 0.0, 0.0, -0.305743, 0.952114, 0.4, -1.0, 0.0, 0.0, -0.0, 0.0, 0.0, 0.0, 1.0],
                [-0.0, -0.952114, -0.305743, 0.0, 0.0, -0.305743, 0.952114, 0.4, -1.0, 0.0, 0.0, 0.0, 0.0, 0.0, 0.0, 1.0],
                [-0.0, -0.952114, -0.305743, -0.0, 0.0, -0.305743, 0.952114, 0.4, -1.0, 0.0, 0.0, 0.0, 0.0, 0.0, 0.0, 1.0],
                [-0.0, -0.952114, -0.305743, -0.0, 0.0, -0.305743, 0.952114, 0.4, -1.0, 0.0, 0.0, -0.0, 0.0, 0.0, 0.0, 1.0],
                [0.0, -0.952114, -0.305743, 0.0, 0.0, -0.305743, 0.952114, 0.4, -1.0, 0.0, 0.0, 0.0, 0.0, 0.0, 0.0, 1.0],
                [0.0, -0.952114, -0.305743, 0.0, 0.0, -0.305743, 0.952114, 0.4, -1.0, 0.0, 0.0, 0.0, 0.0, 0.0, 0.0, 1.0]
            ]
        },
        {
            "name": "Arm_L",
            "time": [0.0, 1.6667, 2.5, 3.0, 3.4833, 3.7333, 4.0833, 5.0],
            "transform": [
                [0.595366, -0.507375, 0.622985, 0.0, 0.472426, 0.848247, 0.239353, 0.39386, -0.649887, 0.151811, 0.744714, 0.0, 0.0, 0.0, 0.0, 1.0],
                [0.45965, -0.0249, 0.887751, -0.0, 0.17725, 0.982067, -0.064229, 0.39386, -0.870232, 0.186877, 0.455821, -0.0, 0.0, 0.0, 0.0, 1.0],
                [0.514832, 0.260412, 0.816783, -0.0, -0.012332, 0.954899, -0.296674, 0.39386, -0.857203, 0.142664, 0.494824, 0.0, 0.0, 0.0, 0.0, 1.0],
                [0.583038, 0.250664, 0.772809, 0.0, -0.074747, 0.963729, -0.256198, 0.39386, -0.808999, 0.091608, 0.580628, -0.0, 0.0, 0.0, 0.0, 1.0],
                [-0.192721, 0.137134, 0.971624, 0.0, -0.330046, 0.923435, -0.195798, 0.39386, -0.924082, -0.358415, -0.132705, -0.0, 0.0, 0.0, 0.0, 1.0],
                [-0.307782, 0.523796, 0.794297, 0.0, -0.103047, 0.81156, -0.57511, 0.39386, -0.94586, -0.258858, -0.195808, 0.0, 0.0, 0.0, 0.0, 1.0],
                [-0.318558, 0.830322, 0.457259, -0.0, 0.128125, 0.51568, -0.847147, 0.39386, -0.939204, -0.211279, -0.270659, -0.0, 0.0, 0.0, 0.0, 1.0],
                [-0.318558, 0.830322, 0.457259, -0.0, 0.128125, 0.51568, -0.847147, 0.39386, -0.939204, -0.211279, -0.270659, -0.0, 0.0, 0.0, 0.0, 1.0]
            ]
        },
        {
            "name": "Hand_L",
            "time": [0.0, 1.6667, 2.5, 3.0, 3.4833, 3.7333, 4.0833, 5.0],
            "transform": [
                [1.0, -0.0, 0.0, 0.0, -0.0, 1.0, -0.001014, 0.300003, -0.0, 0.001014, 1.0, -0.0, 0.0, 0.0, 0.0, 1.0],
                [1.0, -0.0, 0.0, 0.0, 0.0, 1.0, -0.001012, 0.300002, -0.0, 0.001012, 1.0, -0.0, 0.0, 0.0, 0.0, 1.0],
                [1.0, 0.0, 0.0, -0.0, 0.0, 0.999999, -0.001013, 0.300003, -0.0, 0.001013, 0.999999, -0.0, 0.0, 0.0, 0.0, 1.0],
                [1.0, 0.0, 0.0, 0.0, 0.0, 0.999999, -0.001013, 0.300003, -0.0, 0.001013, 0.999999, 0.0, 0.0, 0.0, 0.0, 1.0],
                [1.0, -0.0, 0.0, 0.0, 0.0, -0.050832, -0.998707, 0.300003, 0.0, 0.998707, -0.050832, -0.0, 0.0, 0.0, 0.0, 1.0],
                [1.0, 0.0, -0.0, -0.0, 0.0, 0.02765, -0.999618, 0.300002, -0.0, 0.999618, 0.02765, -0.0, 0.0, 0.0, 0.0, 1.0],
                [1.0, -1e-06, 1e-06, 0.0, 1e-06, 0.405956, -0.913892, 0.300003, 1e-06, 0.913892, 0.405956, 0.0, 0.0, 0.0, 0.0, 1.0],
                [1.0, -1e-06, 1e-06, 0.0, 1e-06, 0.405956, -0.913892, 0.300003, 1e-06, 0.913892, 0.405956, 0.0, 0.0, 0.0, 0.0, 1.0]
            ]
        },
        {
            "name": "Tool_L",
            "time": [0.0, 1.6667, 2.5, 3.0, 3.4833, 3.7333, 4.0833, 5.0],
            "transform": [
                [1.0, -0.0, 0.0, -0.0, 0.0, -0.99956, -0.029689, 0.271711, 0.0, 0.029689, -0.99956, -0.028915, 0.0, 0.0, 0.0, 1.0],
                [1.0, -0.0, 0.0, -0.0, -0.0, -0.99956, -0.029689, 0.271711, 0.0, 0.029689, -0.99956, -0.028915, 0.0, 0.0, 0.0, 1.0],
                [1.0, 0.0, 0.0, -0.0, 0.0, -0.99956, -0.029689, 0.271711, 0.0, 0.029689, -0.99956, -0.028915, 0.0, 0.0, 0.0, 1.0],
                [1.0, 0.0, 0.0, 0.0, -0.0, -0.99956, -0.029689, 0.271711, 0.0, 0.029689, -0.99956, -0.028915, 0.0, 0.0, 0.0, 1.0],
                [1.0, 0.0, 0.0, 0.0, 0.0, -0.99956, -0.029689, 0.271711, 0.0, 0.029689, -0.99956, -0.028915, 0.0, 0.0, 0.0, 1.0],
                [1.0, 0.0, 0.0, 0.0, 0.0, -0.99956, -0.029689, 0.271711, 0.0, 0.029689, -0.99956, -0.028915, 0.0, 0.0, 0.0, 1.0],
                [1.0, -0.0, 0.0, -0.0, -0.0, -0.99956, -0.029689, 0.271711, 0.0, 0.029689, -0.99956, -0.028915, 0.0, 0.0, 0.0, 1.0],
                [1.0, -0.0, 0.0, -0.0, -0.0, -0.99956, -0.029689, 0.271711, 0.0, 0.029689, -0.99956, -0.028915, 0.0, 0.0, 0.0, 1.0]
            ]
        },
        {
            "name": "Elbow_L",
            "time": [0.0, 5.0],
            "transform": [
                [-1.0, 0.0, -0.0, -0.0, 0.0, 0.003946, -0.999992, 0.300008, -0.0, -0.999993, -0.003946, -0.001252, 0.0, 0.0, 0.0, 1.0],
                [-1.0, 0.0, 0.0, 1e-06, 0.0, 0.003946, -0.999992, 0.407224, -0.0, -0.999993, -0.003946, -0.000829, 0.0, 0.0, 0.0, 1.0]
            ]
        },
        {
            "name": "IK-Thigh_R",
            "time": [0.0, 1.6667, 2.5, 3.0, 3.4833, 3.7333, 4.0833, 5.0],
            "transform": [
                [0.863177, 0.360143, 0.353868, 0.124994, 0.474522, -0.818096, -0.324883, -0.002831, 0.172493, 0.448351, -0.877057, -1.2e-05, 0.0, 0.0, 0.0, 1.0],
                [0.858558, 0.344603, 0.379641, 0.124994, 0.491014, -0.765769, -0.415337, -0.002831, 0.14759, 0.543, -0.826661, -1.2e-05, 0.0, 0.0, 0.0, 1.0],
                [0.865112, 0.343126, 0.36585, 0.124994, 0.467567, -0.815703, -0.340604, -0.002831, 0.181554, 0.465721, -0.866108, -1.2e-05, 0.0, 0.0, 0.0, 1.0],
                [0.875466, 0.384142, 0.29325, 0.124994, 0.38392, -0.921365, 0.060785, -0.002831, 0.293539, 0.059369, -0.954102, -1.2e-05, 0.0, 0.0, 0.0, 1.0],
                [0.940688, 0.323009, -0.103789, 0.124994, 0.239856, -0.416797, 0.876784, -0.002831, 0.23995, -0.849675, -0.469551, -1.2e-05, 0.0, 0.0, 0.0, 1.0],
                [0.929922, 0.360571, 0.072352, 0.124994, 0.044632, -0.305936, 0.951006, -0.00283, 0.36504, -0.881132, -0.300589, -1.2e-05, 0.0, 0.0, 0.0, 1.0],
                [0.877411, 0.426126, 0.220377, 0.124994, -0.092049, -0.301297, 0.949077, -0.002831, 0.470825, -0.853017, -0.225136, -1.2e-05, 0.0, 0.0, 0.0, 1.0],
                [0.877411, 0.426126, 0.220377, 0.124994, -0.092049, -0.301297, 0.949077, -0.002831, 0.470825, -0.853017, -0.225136, -1.2e-05, 0.0, 0.0, 0.0, 1.0]
            ]
        },
        {
            "name": "IK-Leg_R",
            "time": [0.0, 5.0],
            "transform": [
                [1.0, 0.0, 1e-06, -0.0, -0.0, 0.999999, 0.001473, 0.374726, -1e-06, -0.001473, 0.999999, 0.0, 0.0, 0.0, 0.0, 1.0],
                [1.0, 2.1e-05, 2.4e-05, -0.0, -2.2e-05, -0.123532, 0.99234, 0.374726, 2.4e-05, -0.992342, -0.123532, -0.0, 0.0, 0.0, 0.0, 1.0]
            ]
        },
        {
            "name": "IK-Thigh_L",
            "time": [0.0, 1.6667, 2.5, 3.0, 3.4833, 3.7333, 4.0833, 5.0],
            "transform": [
                [0.863177, -0.360144, -0.353867, -0.125006, -0.474523, -0.818096, -0.324884, -0.002831, -0.172492, 0.448351, -0.877057, -1.2e-05, 0.0, 0.0, 0.0, 1.0],
                [0.860847, -0.405363, -0.30761, -0.125006, -0.48266, -0.841925, -0.241253, -0.002831, -0.161189, 0.356153, -0.92042, -1.2e-05, 0.0, 0.0, 0.0, 1.0],
                [0.864193, -0.405671, -0.297659, -0.125006, -0.474258, -0.854342, -0.212557, -0.002831, -0.168074, 0.324858, -0.930708, -1.2e-05, 0.0, 0.0, 0.0, 1.0],
                [0.875466, -0.384144, -0.293246, -0.125006, -0.383922, -0.921364, 0.060784, -0.002831, -0.293536, 0.059369, -0.954103, -1.2e-05, 0.0, 0.0, 0.0, 1.0],
                [0.869093, -0.155487, -0.469576, -0.125006, -0.096032, -0.984287, 0.148183, -0.002831, -0.485238, -0.08369, -0.870368, -1.2e-05, 0.0, 0.0, 0.0, 1.0],
                [0.935814, -0.088981, -0.341079, -0.125006, -0.019333, -0.979116, 0.202389, -0.00283, -0.351964, -0.182805, -0.917989, -1.2e-05, 0.0, 0.0, 0.0, 1.0],
                [0.990917, -0.061422, -0.11963, -0.125006, -0.030895, -0.969782, 0.242012, -0.002831, -0.13088, -0.236118, -0.96287, -1.2e-05, 0.0, 0.0, 0.0, 1.0],
                [0.990917, -0.061422, -0.11963, -0.125006, -0.030895, -0.969782, 0.242012, -0.002831, -0.13088, -0.236118, -0.96287, -1.2e-05, 0.0, 0.0, 0.0, 1.0]
            ]
        }
    ]
}