{
    "armature": {
        "joints": ["Root", "Thigh_R", "Leg_R", "Knee_R", "Thigh_L", "Leg_L", "Knee_L", "Torso", "Chest", "Head", "Shoulder_R", "Arm_R", "Hand_R", "Tool_R", "Elbow_R", "Shoulder_L", "Arm_L", "Hand_L", "Tool_L", "Elbow_L"],
        "hierarchy": [
            {
                "name": "Root",
                "transform": [1.0, 0.0, 0.0, -5e-06, 0.0, 0.0, -1.0, 0.000946, 0.0, 1.0, 0.0, 0.763972, 0.0, 0.0, 0.0, 1.0],
                "children": [
                    {
                        "name": "Thigh_R",
                        "transform": [1.0, -0.0, -0.0, 0.124994, -0.0, -0.999984, 0.00567, -0.002831, -0.0, -0.00567, -0.999984, -1.2e-05, 0.0, 0.0, 0.0, 1.0],
                        "children": [
                            {
                                "name": "Leg_R",
                                "transform": [1.0, 0.0, 1e-06, -0.0, -0.0, 0.999936, 0.011335, 0.374726, -1e-06, -0.011335, 0.999936, 0.0, 0.0, 0.0, 0.0, 1.0],
                                "children": []
                            },
                            {
                                "name": "Knee_R",
                                "transform": [1.0, 0.0, -0.0, -0.0, -0.0, 0.00567, -0.999984, 0.374726, -0.0, 0.999984, 0.00567, 0.0, 0.0, 0.0, 0.0, 1.0],
                                "children": []
                            }
                        ]
                    },
                    {
                        "name": "Thigh_L",
                        "transform": [1.0, -0.0, -0.0, -0.125006, -0.0, -0.999984, 0.00567, -0.002831, -0.0, -0.00567, -0.999984, -1.2e-05, 0.0, 0.0, 0.0, 1.0],
                        "children": [
                            {
                                "name": "Leg_L",
                                "transform": [1.0, 0.0, 1e-06, -0.0, -0.0, 0.999936, 0.011335, 0.374726, -1e-06, -0.011335, 0.999936, -0.0, 0.0, 0.0, 0.0, 1.0],
                                "children": []
                            },
                            {
                                "name": "Knee_L",
                                "transform": [1.0, 0.0, -0.0, -0.0, -0.0, 0.00567, -0.999984, 0.374726, -0.0, 0.999984, 0.00567, -0.0, 0.0, 0.0, 0.0, 1.0],
                                "children": []
                            }
                        ]
                    },
                    {
                        "name": "Torso",
                        "transform": [1.0, 0.0, 0.0, 0.0, 0.0, 1.0, 0.0, 0.05, 0.0, 0.0, 1.0, 0.0, 0.0, 0.0, 0.0, 1.0],
                        "children": [
                            {
                                "name": "Chest",
                                "transform": [1.0, 0.0, 0.0, 0.0, 0.0, 1.0, 0.0, 0.3, 0.0, 0.0, 1.0, 0.0, 0.0, 0.0, 0.0, 1.0],
                                "children": [
                                    {
                                        "name": "Head",
                                        "transform": [1.0, 0.0, 0.0, 0.0, 0.0, 1.0, 0.0, 0.4, 0.0, 0.0, 1.0, 0.0, 0.0, 0.0, 0.0, 1.0],
                                        "children": []
                                    },
                                    {
                                        "name": "Shoulder_R",
                                        "transform": [0.0, 0.952114, 0.305743, 0.0, 0.0, -0.305743, 0.952114, 0.4, 1.0, 0.0, -0.0, 0.0, 0.0, 0.0, 0.0, 1.0],
                                        "children": [
                                            {
                                                "name": "Arm_R",
                                                "transform": [0.0, 0.003946, -0.999992, -0.0, 0.952114, 0.305741, 0.001207, 0.39386, 0.305743, -0.952107, -0.003757, 0.0, 0.0, 0.0, 0.0, 1.0],
                                                "children": [
                                                    {
                                                        "name": "Hand_R",
                                                        "transform": [1.0, -0.0, 0.0, 0.0, 0.0, 0.999963, -0.008633, 0.300003, -0.0, 0.008633, 0.999963, 0.0, 0.0, 0.0, 0.0, 1.0],
                                                        "children": [
                                                            {
                                                                "name": "Tool_R",
                                                                "transform": [1.0, -0.0, 0.0, 0.0, 0.0, -0.999559, -0.029689, 0.271711, 0.0, 0.029689, -0.999559, -0.028915, 0.0, 0.0, 0.0, 1.0],
                                                                "children": []
                                                            }
                                                        ]
                                                    },
                                                    {
                                                        "name": "Elbow_R",
                                                        "transform": [-1.0, 0.0, -0.0, 0.0, 0.0, 0.003946, -0.999992, 0.300008, -0.0, -0.999992, -0.003946, -0.001252, 0.0, 0.0, 0.0, 1.0],
                                                        "children": []
                                                    }
                                                ]
                                            }
                                        ]
                                    },
                                    {
                                        "name": "Shoulder_L",
                                        "transform": [-0.0, -0.952114, -0.305743, 0.0, 0.0, -0.305743, 0.952114, 0.4, -1.0, 0.0, 0.0, 0.0, 0.0, 0.0, 0.0, 1.0],
                                        "children": [
                                            {
                                                "name": "Arm_L",
                                                "transform": [-0.0, -0.003946, 0.999992, -0.0, -0.952114, 0.305741, 0.001206, 0.39386, -0.305743, -0.952106, -0.003757, 0.0, 0.0, 0.0, 0.0, 1.0],
                                                "children": [
                                                    {
                                                        "name": "Hand_L",
                                                        "transform": [1.0, -0.0, 0.0, -0.0, 0.0, 0.999963, -0.008633, 0.300003, -0.0, 0.008633, 0.999963, -0.0, 0.0, 0.0, 0.0, 1.0],
                                                        "children": [
                                                            {
                                                                "name": "Tool_L",
                                                                "transform": [1.0, -0.0, 0.0, -0.0, 0.0, -0.999559, -0.029689, 0.271711, 0.0, 0.029689, -0.999559, -0.028915, 0.0, 0.0, 0.0, 1.0],
                                                                "children": []
                                                            }
                                                        ]
                                                    },
                                                    {
                                                        "name": "Elbow_L",
                                                        "transform": [-1.0, 0.0, -0.0, -0.0, 0.0, 0.003946, -0.999992, 0.300008, -0.0, -0.999992, -0.003946, -0.001252, 0.0, 0.0, 0.0, 1.0],
                                                        "children": []
                                                    }
                                                ]
                                            }
                                        ]
                                    }
                                ]
                            }
                        ]
                    }
                ]
            },
            {},
            {},
            {},
            {},
            {},
            {},
            {},
            {}
        ]
    },
    "animation": [
        {
            "name": "Root",
            "time": [0.0, 1.6667, 5.0],
            "transform": [
                [1.0, 0.0, 0.0, -5e-06, 0.0, 0.0, -1.0, 0.000946, 0.0, 1.0, 0.0, 0.763972, 0.0, 0.0, 0.0, 1.0],
                [1.0, 0.0, 0.0, -5e-06, 0.0, -0.108707, -0.994074, 0.000946, 0.0, 0.994074, -0.108707, 1.40189, 0.0, 0.0, 0.0, 1.0],
                [1.0, 0.0, 0.0, -5e-06, 0.0, -0.108707, -0.994074, 0.000946, 0.0, 0.994074, -0.108707, 1.997234, 0.0, 0.0, 0.0, 1.0]
            ]
        },
        {
            "name": "Thigh_R",
            "time": [0.0, 1.6667, 5.0],
            "transform": [
                [0.979095, 0.109203, 0.171599, 0.124994, 0.107161, -0.994015, 0.021143, -0.002831, 0.172881, -0.002312, -0.98494, -1.2e-05, 0.0, 0.0, 0.0, 1.0],
                [0.978988, 0.197379, 0.05121, 0.124994, 0.197929, -0.980197, -0.005854, -0.002831, 0.04904, 0.015867, -0.998671, -1.2e-05, 0.0, 0.0, 0.0, 1.0],
                [0.978988, 0.197379, 0.05121, 0.124994, 0.197929, -0.980197, -0.005854, -0.002831, 0.04904, 0.015867, -0.998671, -1.2e-05, 0.0, 0.0, 0.0, 1.0]
            ]
        },
        {
            "name": "Leg_R",
            "time": [0.0, 1.6667, 5.0],
            "transform": [
                [1.0, -0.0, 1e-06, -0.0, -0.0, 0.999992, 0.004686, 0.374726, -1e-06, -0.004687, 0.999986, 0.0, 0.0, 0.0, 0.0, 1.0],
                [1.0, -0.0, 1e-06, 0.0, 0.0, 0.999992, 0.004706, 0.374726, -1e-06, -0.004707, 0.999986, -0.0, 0.0, 0.0, 0.0, 1.0],
                [1.0, -0.0, 1e-06, 0.0, 0.0, 0.999992, 0.004706, 0.374726, -1e-06, -0.004707, 0.999986, 0.0, 0.0, 0.0, 0.0, 1.0]
            ]
        },
        {
            "name": "Knee_R",
            "time": [0.0, 5.0],
            "transform": [
                [1.0, 0.0, -0.0, 0.0, -0.0, 0.00567, -0.999984, 0.374726, -0.0, 0.999984, 0.00567, 0.0, 0.0, 0.0, 0.0, 1.0],
                [1.0, 0.0, -0.0, 0.0, -0.0, 0.00567, -0.999984, 0.374726, -0.0, 0.999984, 0.00567, 0.0, 0.0, 0.0, 0.0, 1.0]
            ]
        },
        {
            "name": "Thigh_L",
            "time": [0.0, 1.6667, 5.0],
            "transform": [
                [0.979096, -0.109203, -0.171598, -0.125006, -0.107162, -0.994016, 0.021143, -0.002831, -0.17288, -0.002312, -0.98494, -1.2e-05, 0.0, 0.0, 0.0, 1.0],
                [0.978988, -0.19738, -0.051207, -0.125006, -0.19793, -0.980198, -0.005855, -0.002831, -0.049037, 0.015867, -0.998671, -1.2e-05, 0.0, 0.0, 0.0, 1.0],
                [0.978988, -0.197381, -0.051204, -0.125006, -0.197931, -0.980198, -0.005855, -0.002831, -0.049035, 0.015867, -0.998671, -1.2e-05, 0.0, 0.0, 0.0, 1.0]
            ]
        },
        {
            "name": "Leg_L",
            "time": [0.0, 1.6667, 5.0],
            "transform": [
                [1.0, -0.0, 1e-06, -0.0, 0.0, 0.999989, 0.004686, 0.374726, -1e-06, -0.004686, 0.999989, -0.0, 0.0, 0.0, 0.0, 1.0],
                [1.0, 0.0, 1e-06, 0.0, -0.0, 0.999989, 0.004706, 0.374726, -1e-06, -0.004706, 0.999989, 0.0, 0.0, 0.0, 0.0, 1.0],
                [1.0, 0.0, 1e-06, 0.0, 0.0, 0.999989, 0.004706, 0.374726, -1e-06, -0.004706, 0.999989, -0.0, 0.0, 0.0, 0.0, 1.0]
            ]
        },
        {
            "name": "Knee_L",
            "time": [0.0, 5.0],
            "transform": [
                [1.0, 0.0, -0.0, -0.0, -0.0, 0.00567, -0.999984, 0.374726, -0.0, 0.999984, 0.00567, 0.0, 0.0, 0.0, 0.0, 1.0],
                [1.0, 0.0, -0.0, 0.0, -0.0, 0.00567, -0.999984, 0.374726, -0.0, 0.999984, 0.00567, -0.0, 0.0, 0.0, 0.0, 1.0]
            ]
        },
        {
            "name": "Torso",
            "time": [0.0, 1.6667, 5.0],
            "transform": [
                [1.0, 0.0, 0.0, 0.0, 0.0, 1.0, 0.0, 0.05, 0.0, 0.0, 1.0, 0.0, 0.0, 0.0, 0.0, 1.0],
                [1.0, 0.0, 0.0, -0.0, 0.0, 0.962961, -0.269643, 0.05, 0.0, 0.269643, 0.96296, 0.0, 0.0, 0.0, 0.0, 1.0],
                [1.0, 0.0, 0.0, -0.0, 0.0, 0.962961, -0.269643, 0.05, 0.0, 0.269643, 0.96296, -0.0, 0.0, 0.0, 0.0, 1.0]
            ]
        },
        {
            "name": "Chest",
            "time": [0.0, 1.6667, 5.0],
            "transform": [
                [1.0, 0.0, 0.0, 0.0, 0.0, 1.0, 0.0, 0.3, 0.0, 0.0, 1.0, 0.0, 0.0, 0.0, 0.0, 1.0],
                [1.0, 0.0, 0.0, 0.0, 0.0, 0.962547, -0.271116, 0.3, 0.0, 0.271116, 0.962547, 0.0, 0.0, 0.0, 0.0, 1.0],
                [1.0, 0.0, 0.0, 0.0, 0.0, 0.962547, -0.271116, 0.3, 0.0, 0.271116, 0.962547, -0.0, 0.0, 0.0, 0.0, 1.0]
            ]
        },
        {
            "name": "Head",
            "time": [0.0, 1.6667, 5.0],
            "transform": [
                [1.0, 0.0, 0.0, 0.0, 0.0, 1.0, 0.0, 0.4, 0.0, 0.0, 1.0, 0.0, 0.0, 0.0, 0.0, 1.0],
                [1.0, 0.0, 0.0, 0.0, 0.0, 0.995047, -0.099404, 0.4, 0.0, 0.099404, 0.995047, -0.0, 0.0, 0.0, 0.0, 1.0],
                [1.0, 0.0, 0.0, 0.0, 0.0, 0.995047, -0.099404, 0.4, 0.0, 0.099404, 0.995047, -0.0, 0.0, 0.0, 0.0, 1.0]
            ]
        },
        {
            "name": "Shoulder_R",
            "time": [0.0, 1.6667, 5.0],
            "transform": [
                [0.0, 0.952114, 0.305743, 0.0, 0.0, -0.305743, 0.952114, 0.4, 1.0, 0.0, -0.0, 0.0, 0.0, 0.0, 0.0, 1.0],
                [0.0, 0.952114, 0.305743, 0.0, 0.0, -0.305743, 0.952114, 0.4, 1.0, 0.0, -0.0, -0.0, 0.0, 0.0, 0.0, 1.0],
                [0.0, 0.952114, 0.305743, 0.0, 0.0, -0.305743, 0.952114, 0.4, 1.0, 0.0, -0.0, -0.0, 0.0, 0.0, 0.0, 1.0]
            ]
        },
        {
            "name": "Arm_R",
            "time": [0.0, 1.6667, 5.0],
            "transform": [
                [0.557021, 0.044441, -0.829309, -0.0, 0.65928, 0.583599, 0.474092, 0.39386, 0.505053, -0.810825, 0.295778, 0.0, 0.0, 0.0, 0.0, 1.0],
                [0.523373, 0.366878, -0.769078, -0.0, -0.187927, 0.930038, 0.315774, 0.39386, 0.831122, -0.020737, 0.555703, 0.0, 0.0, 0.0, 0.0, 1.0],
                [0.523373, 0.366878, -0.769078, -0.0, -0.187927, 0.930038, 0.315774, 0.39386, 0.831122, -0.020737, 0.555703, 0.0, 0.0, 0.0, 0.0, 1.0]
            ]
        },
        {
            "name": "Hand_R",
            "time": [0.0, 1.6667, 5.0],
            "transform": [
                [1.0, -0.0, 0.0, -0.0, 0.0, 1.0, -0.000994, 0.300003, -0.0, 0.000994, 1.0, 0.0, 0.0, 0.0, 0.0, 1.0],
                [1.0, 0.0, 0.0, -0.0, 0.0, 1.0, -0.001007, 0.300002, -0.0, 0.001007, 1.0, -0.0, 0.0, 0.0, 0.0, 1.0],
                [1.0, 0.0, 0.0, 0.0, 0.0, 1.0, -0.001007, 0.300003, -0.0, 0.001007, 1.0, -0.0, 0.0, 0.0, 0.0, 1.0]
            ]
        },
        {
            "name": "Tool_R",
            "time": [0.0, 1.6667, 5.0],
            "transform": [
                [1.0, 0.0, 0.0, -0.0, 0.0, -0.999559, -0.029689, 0.271711, 0.0, 0.029689, -0.99956, -0.028915, 0.0, 0.0, 0.0, 1.0],
                [1.0, -0.0, 0.0, -0.0, 0.0, -0.999559, -0.029689, 0.271711, 0.0, 0.029689, -0.99956, -0.028915, 0.0, 0.0, 0.0, 1.0],
                [1.0, 0.0, 0.0, -0.0, -0.0, -0.999559, -0.029689, 0.271711, 0.0, 0.029689, -0.99956, -0.028915, 0.0, 0.0, 0.0, 1.0]
            ]
        },
        {
            "name": "Elbow_R",
            "time": [0.0, 5.0],
            "transform": [
                [-1.0, 0.0, -0.0, 0.0, -0.0, 0.003946, -0.999992, 0.300008, -0.0, -0.999993, -0.003946, -0.001252, 0.0, 0.0, 0.0, 1.0],
                [-1.0, 0.0, -0.0, 0.0, 0.0, 0.003946, -0.999992, 0.300007, -0.0, -0.999992, -0.003946, -0.001253, 0.0, 0.0, 0.0, 1.0]
            ]
        },
        {
            "name": "Shoulder_L",
            "time": [0.0, 1.6667, 5.0],
            "transform": [
                [-0.0, -0.952114, -0.305743, 0.0, 0.0, -0.305743, 0.952114, 0.4, -1.0, 0.0, 0.0, 0.0, 0.0, 0.0, 0.0, 1.0],
                [-0.0, -0.952114, -0.305743, 0.0, 0.0, -0.305743, 0.952114, 0.4, -1.0, 0.0, 0.0, -0.0, 0.0, 0.0, 0.0, 1.0],
                [-0.0, -0.952114, -0.305743, 0.0, 0.0, -0.305743, 0.952114, 0.4, -1.0, 0.0, 0.0, -0.0, 0.0, 0.0, 0.0, 1.0]
            ]
        },
        {
            "name": "Arm_L",
            "time": [0.0, 1.6667, 5.0],
            "transform": [
                [0.55702, -0.044441, 0.829309, -0.0, -0.65928, 0.583598, 0.474091, 0.39386, -0.505052, -0.810825, 0.295778, 0.0, 0.0, 0.0, 0.0, 1.0],
                [0.523373, -0.366878, 0.769079, -0.0, 0.187927, 0.930037, 0.315774, 0.39386, -0.831123, -0.020737, 0.555703, 0.0, 0.0, 0.0, 0.0, 1.0],
                [0.523373, -0.366878, 0.769079, 1e-06, 0.187927, 0.930037, 0.315774, 0.39386, -0.831123, -0.020737, 0.555703, 1e-06, 0.0, 0.0, 0.0, 1.0]
            ]
        },
        {
            "name": "Hand_L",
            "time": [0.0, 1.6667, 5.0],
            "transform": [
                [1.0, -0.0, 0.0, 0.0, -0.0, 1.0, -0.000994, 0.300003, 0.0, 0.000994, 0.999999, 0.0, 0.0, 0.0, 0.0, 1.0],
                [1.0, 0.0, 0.0, 0.0, -0.0, 0.999999, -0.001007, 0.300003, -0.0, 0.001007, 0.999999, 0.0, 0.0, 0.0, 0.0, 1.0],
                [1.0, 0.0, 0.0, -0.0, 0.0, 0.999999, -0.001007, 0.300002, -0.0, 0.001007, 0.999999, 0.0, 0.0, 0.0, 0.0, 1.0]
            ]
        },
        {
            "name": "Tool_L",
            "time": [0.0, 1.6667, 5.0],
            "transform": [
                [1.0, 0.0, 0.0, -0.0, -0.0, -0.999559, -0.029689, 0.271711, 0.0, 0.029689, -0.99956, -0.028915, 0.0, 0.0, 0.0, 1.0],
                [1.0, -0.0, 0.0, 0.0, 0.0, -0.999559, -0.029689, 0.271711, 0.0, 0.029689, -0.99956, -0.028915, 0.0, 0.0, 0.0, 1.0],
                [1.0, -0.0, 0.0, 0.0, -0.0, -0.999559, -0.029689, 0.271711, 0.0, 0.029689, -0.99956, -0.028915, 0.0, 0.0, 0.0, 1.0]
            ]
        },
        {
            "name": "Elbow_L",
            "time": [0.0, 5.0],
            "transform": [
                [-1.0, 0.0, -0.0, -0.0, 0.0, 0.003946, -0.999992, 0.300008, -0.0, -0.999992, -0.003946, -0.001252, 0.0, 0.0, 0.0, 1.0],
                [-1.0, 0.0, -0.0, -0.0, 0.0, 0.003946, -0.999992, 0.300008, -0.0, -0.999993, -0.003946, -0.001252, 0.0, 0.0, 0.0, 1.0]
            ]
        }
    ]
}