{
    "armature": {
        "joints": ["Root", "Thigh_R", "Leg_R", "Knee_R", "Thigh_L", "Leg_L", "Knee_L", "Torso", "Chest", "Head", "Shoulder_R", "Arm_R", "Hand_R", "Tool_R", "Elbow_R", "Shoulder_L", "Arm_L", "Hand_L", "Tool_L", "Elbow_L", "IK-Thigh_R", "IK-Leg_R", "IK-Thigh_L"],
        "hierarchy": [
            {
                "name": "Root",
                "transform": [1.0, 0.0, 0.0, -5e-06, 0.0, 0.0, -1.0, 0.000946, 0.0, 1.0, 0.0, 0.763972, 0.0, 0.0, 0.0, 1.0],
                "children": [
                    {
                        "name": "Thigh_R",
                        "transform": [1.0, -0.0, -0.0, 0.124994, -0.0, -0.999984, 0.00567, -0.002831, -0.0, -0.00567, -0.999984, -1.2e-05, 0.0, 0.0, 0.0, 1.0],
                        "children": [
                            {
                                "name": "Leg_R",
                                "transform": [1.0, 0.0, 1e-06, -0.0, -0.0, 0.999936, 0.011335, 0.374726, -1e-06, -0.011335, 0.999936, 0.0, 0.0, 0.0, 0.0, 1.0],
                                "children": []
                            },
                            {
                                "name": "Knee_R",
                                "transform": [1.0, 0.0, -0.0, -0.0, -0.0, 0.00567, -0.999984, 0.374726, -0.0, 0.999984, 0.00567, 0.0, 0.0, 0.0, 0.0, 1.0],
                                "children": []
                            }
                        ]
                    },
                    {
                        "name": "Thigh_L",
                        "transform": [1.0, -0.0, -0.0, -0.125006, -0.0, -0.999984, 0.00567, -0.002831, -0.0, -0.00567, -0.999984, -1.2e-05, 0.0, 0.0, 0.0, 1.0],
                        "children": [
                            {
                                "name": "Leg_L",
                                "transform": [1.0, 0.0, 1e-06, -0.0, -0.0, 0.999936, 0.011335, 0.374726, -1e-06, -0.011335, 0.999936, -0.0, 0.0, 0.0, 0.0, 1.0],
                                "children": []
                            },
                            {
                                "name": "Knee_L",
                                "transform": [1.0, 0.0, -0.0, -0.0, -0.0, 0.00567, -0.999984, 0.374726, -0.0, 0.999984, 0.00567, -0.0, 0.0, 0.0, 0.0, 1.0],
                                "children": []
                            }
                        ]
                    },
                    {
                        "name": "Torso",
                        "transform": [1.0, 0.0, 0.0, 0.0, 0.0, 1.0, 0.0, 0.05, 0.0, 0.0, 1.0, 0.0, 0.0, 0.0, 0.0, 1.0],
                        "children": [
                            {
                                "name": "Chest",
                                "transform": [1.0, 0.0, 0.0, 0.0, 0.0, 1.0, 0.0, 0.3, 0.0, 0.0, 1.0, 0.0, 0.0, 0.0, 0.0, 1.0],
                                "children": [
                                    {
                                        "name": "Head",
                                        "transform": [1.0, 0.0, 0.0, 0.0, 0.0, 1.0, 0.0, 0.4, 0.0, 0.0, 1.0, 0.0, 0.0, 0.0, 0.0, 1.0],
                                        "children": []
                                    },
                                    {
                                        "name": "Shoulder_R",
                                        "transform": [0.0, 0.952114, 0.305743, 0.0, 0.0, -0.305743, 0.952114, 0.4, 1.0, 0.0, -0.0, 0.0, 0.0, 0.0, 0.0, 1.0],
                                        "children": [
                                            {
                                                "name": "Arm_R",
                                                "transform": [0.0, 0.003946, -0.999992, -0.0, 0.952114, 0.305741, 0.001207, 0.39386, 0.305743, -0.952107, -0.003757, 0.0, 0.0, 0.0, 0.0, 1.0],
                                                "children": [
                                                    {
                                                        "name": "Hand_R",
                                                        "transform": [1.0, -0.0, 0.0, 0.0, 0.0, 0.999963, -0.008633, 0.300003, -0.0, 0.008633, 0.999963, 0.0, 0.0, 0.0, 0.0, 1.0],
                                                        "children": [
                                                            {
                                                                "name": "Tool_R",
                                                                "transform": [1.0, -0.0, 0.0, 0.0, 0.0, -0.999559, -0.029689, 0.271711, 0.0, 0.029689, -0.999559, -0.028915, 0.0, 0.0, 0.0, 1.0],
                                                                "children": []
                                                            }
                                                        ]
                                                    },
                                                    {
                                                        "name": "Elbow_R",
                                                        "transform": [-1.0, 0.0, -0.0, 0.0, 0.0, 0.003946, -0.999992, 0.300008, -0.0, -0.999992, -0.003946, -0.001252, 0.0, 0.0, 0.0, 1.0],
                                                        "children": []
                                                    }
                                                ]
                                            }
                                        ]
                                    },
                                    {
                                        "name": "Shoulder_L",
                                        "transform": [-0.0, -0.952114, -0.305743, 0.0, 0.0, -0.305743, 0.952114, 0.4, -1.0, 0.0, 0.0, 0.0, 0.0, 0.0, 0.0, 1.0],
                                        "children": [
                                            {
                                                "name": "Arm_L",
                                                "transform": [-0.0, -0.003946, 0.999992, -0.0, -0.952114, 0.305741, 0.001206, 0.39386, -0.305743, -0.952106, -0.003757, 0.0, 0.0, 0.0, 0.0, 1.0],
                                                "children": [
                                                    {
                                                        "name": "Hand_L",
                                                        "transform": [1.0, -0.0, 0.0, -0.0, 0.0, 0.999963, -0.008633, 0.300003, -0.0, 0.008633, 0.999963, -0.0, 0.0, 0.0, 0.0, 1.0],
                                                        "children": [
                                                            {
                                                                "name": "Tool_L",
                                                                "transform": [1.0, -0.0, 0.0, -0.0, 0.0, -0.999559, -0.029689, 0.271711, 0.0, 0.029689, -0.999559, -0.028915, 0.0, 0.0, 0.0, 1.0],
                                                                "children": []
                                                            }
                                                        ]
                                                    },
                                                    {
                                                        "name": "Elbow_L",
                                                        "transform": [-1.0, 0.0, -0.0, -0.0, 0.0, 0.003946, -0.999992, 0.300008, -0.0, -0.999992, -0.003946, -0.001252, 0.0, 0.0, 0.0, 1.0],
                                                        "children": []
                                                    }
                                                ]
                                            }
                                        ]
                                    }
                                ]
                            }
                        ]
                    },
                    {
                        "name": "IK-Thigh_R",
                        "transform": [1.0, -0.0, -0.0, 0.124994, -0.0, -0.999984, 0.00567, -0.002831, -0.0, -0.00567, -0.999984, -1.2e-05, 0.0, 0.0, 0.0, 1.0],
                        "children": [
                            {
                                "name": "IK-Leg_R",
                                "transform": [1.0, 0.0, 1e-06, -0.0, -0.0, 0.999936, 0.011335, 0.374726, -1e-06, -0.011335, 0.999936, 0.0, 0.0, 0.0, 0.0, 1.0],
                                "children": []
                            }
                        ]
                    },
                    {
                        "name": "IK-Thigh_L",
                        "transform": [1.0, -0.0, -0.0, -0.125006, -0.0, -0.999984, 0.00567, -0.002831, -0.0, -0.00567, -0.999984, -1.2e-05, 0.0, 0.0, 0.0, 1.0],
                        "children": []
                    }
                ]
            },
            {},
            {},
            {},
            {},
            {},
            {},
            {},
            {}
        ]
    },
    "animation": [
        {
            "name": "Root",
            "time": [0.0, 0.5833, 1.1667],
            "transform": [
                [1.0, 0.0, 0.0, -5e-06, 0.0, 0.0, -1.0, 0.000946, 0.0, 1.0, 0.0, 0.763972, 0.0, 0.0, 0.0, 1.0],
                [1.0, 0.0, 0.0, -5e-06, 0.0, 0.0, -1.0, 0.000946, 0.0, 1.0, 0.0, 0.763972, 0.0, 0.0, 0.0, 1.0],
                [1.0, 0.0, 0.0, -5e-06, 0.0, 0.0, -1.0, 0.000946, 0.0, 1.0, 0.0, 0.763972, 0.0, 0.0, 0.0, 1.0]
            ]
        },
        {
            "name": "Thigh_R",
            "time": [0.0, 0.5833, 1.1667],
            "transform": [
                [0.870066, 0.276579, 0.408032, 0.124994, 0.062788, -0.8832, 0.464778, -0.002831, 0.488921, -0.378768, -0.785806, -1.2e-05, 0.0, 0.0, 0.0, 1.0],
                [0.870066, 0.276579, 0.408032, 0.124994, 0.062788, -0.8832, 0.464779, -0.002831, 0.488921, -0.378769, -0.785806, -1.2e-05, 0.0, 0.0, 0.0, 1.0],
                [0.870066, 0.276579, 0.408032, 0.124994, 0.062788, -0.8832, 0.464778, -0.002831, 0.488921, -0.378768, -0.785806, -1.2e-05, 0.0, 0.0, 0.0, 1.0]
            ]
        },
        {
            "name": "Leg_R",
            "time": [0.0, 0.5833, 1.1667],
            "transform": [
                [1.0, 8e-06, 2e-06, -0.0, -8e-06, 0.918369, 0.395724, 0.374726, 1e-06, -0.395725, 0.91837, -0.0, 0.0, 0.0, 0.0, 1.0],
                [1.0, 8e-06, 2e-06, -0.0, -8e-06, 0.918369, 0.395725, 0.374726, 1e-06, -0.395726, 0.918369, 0.0, 0.0, 0.0, 0.0, 1.0],
                [1.0, 8e-06, 2e-06, -0.0, -8e-06, 0.918369, 0.395724, 0.374726, 1e-06, -0.395725, 0.91837, -0.0, 0.0, 0.0, 0.0, 1.0]
            ]
        },
        {
            "name": "Knee_R",
            "time": [0.0, 1.1667],
            "transform": [
                [1.0, 0.0, -0.0, -0.0, -0.0, 0.00567, -0.999984, 0.374726, -0.0, 0.999984, 0.00567, 0.0, 0.0, 0.0, 0.0, 1.0],
                [1.0, 0.0, -0.0, -0.0, -0.0, 0.00567, -0.999984, 0.374726, -0.0, 0.999984, 0.00567, 0.0, 0.0, 0.0, 0.0, 1.0]
            ]
        },
        {
            "name": "Thigh_L",
            "time": [0.0, 0.5833, 1.1667],
            "transform": [
                [0.970934, -0.239226, 0.007618, -0.125006, -0.233983, -0.941995, 0.240622, -0.002831, -0.050387, -0.235411, -0.970589, -1.2e-05, 0.0, 0.0, 0.0, 1.0],
                [0.970934, -0.239226, 0.007618, -0.125006, -0.233983, -0.941995, 0.240623, -0.002831, -0.050387, -0.235411, -0.970589, -1.2e-05, 0.0, 0.0, 0.0, 1.0],
                [0.970934, -0.239226, 0.007618, -0.125006, -0.233983, -0.941995, 0.240622, -0.002831, -0.050387, -0.235411, -0.970589, -1.2e-05, 0.0, 0.0, 0.0, 1.0]
            ]
        },
        {
            "name": "Leg_L",
            "time": [0.0, 0.5833, 1.1667],
            "transform": [
                [1.0, 1.5e-05, 7e-06, 0.0, -1.6e-05, 0.692155, 0.721748, 0.374726, 6e-06, -0.721749, 0.692156, 0.0, 0.0, 0.0, 0.0, 1.0],
                [1.0, 1.4e-05, 7e-06, 0.0, -1.5e-05, 0.692155, 0.721748, 0.374726, 6e-06, -0.72175, 0.692155, 0.0, 0.0, 0.0, 0.0, 1.0],
                [1.0, 1.5e-05, 7e-06, 0.0, -1.6e-05, 0.692155, 0.721748, 0.374726, 6e-06, -0.721749, 0.692156, 0.0, 0.0, 0.0, 0.0, 1.0]
            ]
        },
        {
            "name": "Knee_L",
            "time": [0.0, 1.1667],
            "transform": [
                [1.0, 0.0, -0.0, 0.0, -0.0, 0.00567, -0.999984, 0.403233, -0.0, 0.999984, 0.00567, -0.000162, 0.0, 0.0, 0.0, 1.0],
                [1.0, 0.0, -0.0, 0.0, -0.0, 0.00567, -0.999984, 0.403233, -0.0, 0.999984, 0.00567, -0.000162, 0.0, 0.0, 0.0, 1.0]
            ]
        },
        {
            "name": "Torso",
            "time": [0.0, 0.5833, 1.1667],
            "transform": [
                [0.977833, 0.0, -0.209387, 0.0, 0.0, 1.0, 0.0, 0.05, 0.209387, 0.0, 0.977833, 0.0, 0.0, 0.0, 0.0, 1.0],
                [0.977833, 0.0, -0.209387, 0.0, 0.0, 1.0, 0.0, 0.05, 0.209387, 0.0, 0.977833, 0.0, 0.0, 0.0, 0.0, 1.0],
                [0.977833, 0.0, -0.209387, 0.0, 0.0, 1.0, 0.0, 0.05, 0.209387, 0.0, 0.977833, 0.0, 0.0, 0.0, 0.0, 1.0]
            ]
        },
        {
            "name": "Chest",
            "time": [0.0, 0.5833, 1.1667],
            "transform": [
                [1.0, 0.0, 0.0, 0.0, 0.0, 1.0, 0.0, 0.3, 0.0, 0.0, 1.0, 0.0, 0.0, 0.0, 0.0, 1.0],
                [1.0, 0.0, 0.0, 0.0, 0.0, 1.0, 0.0, 0.3, -0.0, 0.0, 1.0, 0.0, 0.0, 0.0, 0.0, 1.0],
                [1.0, 0.0, 0.0, 0.0, 0.0, 1.0, 0.0, 0.3, 0.0, 0.0, 1.0, 0.0, 0.0, 0.0, 0.0, 1.0]
            ]
        },
        {
            "name": "Head",
            "time": [0.0, 0.5833, 1.1667],
            "transform": [
                [0.971571, 0.0, 0.236748, 0.0, 0.0, 1.0, 0.0, 0.4, -0.236748, 0.0, 0.971571, 0.0, 0.0, 0.0, 0.0, 1.0],
                [0.971571, 0.0, 0.236748, -0.0, 0.0, 1.0, 0.0, 0.4, -0.236748, 0.0, 0.971571, -0.0, 0.0, 0.0, 0.0, 1.0],
                [0.971571, 0.0, 0.236748, 0.0, 0.0, 1.0, 0.0, 0.4, -0.236748, 0.0, 0.971571, 0.0, 0.0, 0.0, 0.0, 1.0]
            ]
        },
        {
            "name": "Shoulder_R",
            "time": [0.0, 0.5833, 1.1667],
            "transform": [
                [0.0, 0.952114, 0.305743, 0.0, 0.0, -0.305743, 0.952114, 0.4, 1.0, 0.0, -0.0, -0.0, 0.0, 0.0, 0.0, 1.0],
                [0.0, 0.952114, 0.305743, 0.006115, 0.0, -0.305743, 0.952114, 0.419042, 1.0, 0.0, -0.0, -0.0, 0.0, 0.0, 0.0, 1.0],
                [0.0, 0.952114, 0.305743, 0.0, 0.0, -0.305743, 0.952114, 0.4, 1.0, 0.0, -0.0, -0.0, 0.0, 0.0, 0.0, 1.0]
            ]
        },
        {
            "name": "Arm_R",
            "time": [0.0, 0.5833, 1.1667],
            "transform": [
                [0.011215, -0.666473, -0.745445, 0.0, 0.923716, 0.292381, -0.247509, 0.39386, 0.382913, -0.685804, 0.618911, -0.0, 0.0, 0.0, 0.0, 1.0],
                [0.010588, -0.666814, -0.74515, 0.0, 0.932859, 0.274935, -0.232777, 0.39386, 0.360087, -0.692655, 0.624954, -0.0, 0.0, 0.0, 0.0, 1.0],
                [0.011215, -0.666473, -0.745445, 0.0, 0.923716, 0.292381, -0.247509, 0.39386, 0.382913, -0.685804, 0.618911, -0.0, 0.0, 0.0, 0.0, 1.0]
            ]
        },
        {
            "name": "Hand_R",
            "time": [0.0, 0.5833, 1.1667],
            "transform": [
                [1.0, -3e-06, 1e-06, 0.0, 3e-06, 0.698604, -0.715509, 0.300003, 1e-06, 0.715509, 0.698604, 0.0, 0.0, 0.0, 0.0, 1.0],
                [1.0, -3e-06, 1e-06, -0.0, 3e-06, 0.69516, -0.718855, 0.300002, 1e-06, 0.718855, 0.695161, 0.0, 0.0, 0.0, 0.0, 1.0],
                [1.0, -3e-06, 1e-06, 0.0, 3e-06, 0.698604, -0.715509, 0.300003, 1e-06, 0.715509, 0.698604, 0.0, 0.0, 0.0, 0.0, 1.0]
            ]
        },
        {
            "name": "Tool_R",
            "time": [0.0, 0.5833, 1.1667],
            "transform": [
                [1.0, -0.0, 0.0, -0.0, 0.0, -0.99956, -0.029689, 0.271711, 0.0, 0.029689, -0.99956, -0.028915, 0.0, 0.0, 0.0, 1.0],
                [1.0, 0.0, 0.0, -0.0, 0.0, -0.99956, -0.029689, 0.271711, 0.0, 0.029689, -0.99956, -0.028915, 0.0, 0.0, 0.0, 1.0],
                [1.0, -0.0, 0.0, -0.0, 0.0, -0.99956, -0.029689, 0.271711, 0.0, 0.029689, -0.99956, -0.028915, 0.0, 0.0, 0.0, 1.0]
            ]
        },
        {
            "name": "Elbow_R",
            "time": [0.0, 1.1667],
            "transform": [
                [-1.0, 0.0, -0.0, 0.0, 0.0, 0.003946, -0.999992, 0.373918, -0.0, -0.999992, -0.003946, -0.000961, 0.0, 0.0, 0.0, 1.0],
                [-1.0, 0.0, -0.0, 0.0, 0.0, 0.003946, -0.999992, 0.373918, -0.0, -0.999992, -0.003946, -0.000961, 0.0, 0.0, 0.0, 1.0]
            ]
        },
        {
            "name": "Shoulder_L",
            "time": [0.0, 0.5833, 1.1667],
            "transform": [
                [-0.0, -0.952114, -0.305743, 0.0, 0.0, -0.305743, 0.952114, 0.4, -1.0, -0.0, 0.0, -0.0, 0.0, 0.0, 0.0, 1.0],
                [-0.0, -0.952114, -0.305743, -0.006115, 0.0, -0.305743, 0.952114, 0.419042, -1.0, -0.0, 0.0, -0.0, 0.0, 0.0, 0.0, 1.0],
                [-0.0, -0.952114, -0.305743, 0.0, 0.0, -0.305743, 0.952114, 0.4, -1.0, -0.0, 0.0, -0.0, 0.0, 0.0, 0.0, 1.0]
            ]
        },
        {
            "name": "Arm_L",
            "time": [0.0, 0.5833, 1.1667],
            "transform": [
                [0.315319, -0.249396, 0.915628, -0.0, -0.820415, 0.413295, 0.395102, 0.39386, -0.476962, -0.875778, -0.074288, -0.0, 0.0, 0.0, 0.0, 1.0],
                [0.33021, -0.289918, 0.898281, -0.0, -0.819367, 0.384424, 0.425272, 0.39386, -0.468615, -0.87645, -0.110608, 0.0, 0.0, 0.0, 0.0, 1.0],
                [0.315319, -0.249396, 0.915628, -0.0, -0.820415, 0.413295, 0.395102, 0.39386, -0.476962, -0.875778, -0.074288, -0.0, 0.0, 0.0, 0.0, 1.0]
            ]
        },
        {
            "name": "Hand_L",
            "time": [0.0, 0.5833, 1.1667],
            "transform": [
                [1.0, -0.0, 0.0, -0.0, 0.0, 0.97103, -0.238958, 0.300003, -0.0, 0.238959, 0.97103, 0.0, 0.0, 0.0, 0.0, 1.0],
                [1.0, -0.0, -0.0, -0.0, 0.0, 0.944209, -0.329349, 0.300003, -0.0, 0.329349, 0.944208, -0.0, 0.0, 0.0, 0.0, 1.0],
                [1.0, -0.0, 0.0, -0.0, 0.0, 0.97103, -0.238958, 0.300003, -0.0, 0.238959, 0.97103, 0.0, 0.0, 0.0, 0.0, 1.0]
            ]
        },
        {
            "name": "Tool_L",
            "time": [0.0, 0.5833, 1.1667],
            "transform": [
                [1.0, -0.0, 0.0, -0.0, 0.0, -0.99956, -0.029689, 0.271711, 0.0, 0.029689, -0.99956, -0.028915, 0.0, 0.0, 0.0, 1.0],
                [1.0, 0.0, 0.0, -0.0, 0.0, -0.99956, -0.029689, 0.271711, 0.0, 0.029689, -0.99956, -0.028915, 0.0, 0.0, 0.0, 1.0],
                [1.0, -0.0, 0.0, -0.0, 0.0, -0.99956, -0.029689, 0.271711, 0.0, 0.029689, -0.99956, -0.028915, 0.0, 0.0, 0.0, 1.0]
            ]
        },
        {
            "name": "Elbow_L",
            "time": [0.0, 1.1667],
            "transform": [
                [-1.0, 0.0, -0.0, 0.0, 0.0, 0.003946, -0.999992, 0.32181, -0.0, -0.999993, -0.003946, -0.001166, 0.0, 0.0, 0.0, 1.0],
                [-1.0, 0.0, -0.0, 0.0, 0.0, 0.003946, -0.999992, 0.32181, -0.0, -0.999993, -0.003946, -0.001166, 0.0, 0.0, 0.0, 1.0]
            ]
        },
        {
            "name": "IK-Thigh_R",
            "time": [0.0, 0.5833, 1.1667],
            "transform": [
                [0.870066, 0.276579, 0.408032, 0.124994, 0.062788, -0.8832, 0.464778, -0.002831, 0.488921, -0.378768, -0.785806, -1.2e-05, 0.0, 0.0, 0.0, 1.0],
                [0.870066, 0.276579, 0.408032, 0.124994, 0.062788, -0.8832, 0.464779, -0.002831, 0.488921, -0.378769, -0.785806, -1.2e-05, 0.0, 0.0, 0.0, 1.0],
                [0.870066, 0.276579, 0.408032, 0.124994, 0.062788, -0.8832, 0.464778, -0.002831, 0.488921, -0.378768, -0.785806, -1.2e-05, 0.0, 0.0, 0.0, 1.0]
            ]
        },
        {
            "name": "IK-Leg_R",
            "time": [0.0, 1.1667],
            "transform": [
                [1.0, 8e-06, 2e-06, -0.0, -8e-06, 0.918369, 0.395724, 0.374726, 1e-06, -0.395725, 0.91837, 0.0, 0.0, 0.0, 0.0, 1.0],
                [1.0, 8e-06, 2e-06, -0.0, -8e-06, 0.918369, 0.395724, 0.374726, 1e-06, -0.395725, 0.91837, 0.0, 0.0, 0.0, 0.0, 1.0]
            ]
        },
        {
            "name": "IK-Thigh_L",
            "time": [0.0, 0.5833, 1.1667],
            "transform": [
                [0.970934, -0.239226, 0.007618, -0.125006, -0.233983, -0.941995, 0.240622, -0.002831, -0.050387, -0.235411, -0.970589, -1.2e-05, 0.0, 0.0, 0.0, 1.0],
                [0.970934, -0.239226, 0.007618, -0.125006, -0.233983, -0.941995, 0.240623, -0.002831, -0.050387, -0.235411, -0.970589, -1.2e-05, 0.0, 0.0, 0.0, 1.0],
                [0.970934, -0.239226, 0.007618, -0.125006, -0.233983, -0.941995, 0.240622, -0.002831, -0.050387, -0.235411, -0.970589, -1.2e-05, 0.0, 0.0, 0.0, 1.0]
            ]
        }
    ]
}